,日期,开盘,收盘,最高,最低,成交量,成交额,振幅,涨跌幅,涨跌额,换手率,stockCode
0,2021-08-20,10.05,10.05,10.24,9.94,54577,55044580.0,2.9,-2.8,-0.29,2.82,300621
1,2021-08-23,9.98,10.66,10.75,9.98,104098,109951596.0,7.66,6.07,0.61,5.37,300621
2,2021-08-24,10.72,10.18,10.79,10.18,81786,84970215.0,5.72,-4.5,-0.48,4.22,300621
3,2021-08-25,10.33,11.01,11.06,10.24,113761,121747239.0,8.06,8.15,0.83,5.87,300621
4,2021-08-26,10.85,10.71,10.85,10.47,96111,102131538.0,3.45,-2.72,-0.3,4.96,300621
5,2021-08-27,10.58,10.14,10.6,10.08,100004,102697874.0,4.86,-5.32,-0.57,5.16,300621
6,2021-08-30,10.06,9.97,10.46,9.89,65929,67034175.0,5.62,-1.68,-0.17,3.4,300621
7,2021-08-31,9.97,9.8,10.0,9.66,43444,42583329.0,3.41,-1.71,-0.17,2.24,300621
8,2021-09-01,9.77,9.9,10.03,9.63,45381,44815794.0,4.08,1.02,0.1,2.34,300621
9,2021-09-02,9.97,10.62,10.74,9.77,144013,151139162.0,9.8,7.27,0.72,7.43,300621
10,2021-09-03,10.41,10.46,10.92,10.41,85753,90950246.0,4.8,-1.51,-0.16,4.43,300621
11,2021-09-06,10.9,10.57,11.11,10.42,93245,99837193.0,6.6,1.05,0.11,4.81,300621
12,2021-09-07,10.81,10.96,11.08,10.58,107362,117159312.0,4.73,3.69,0.39,5.54,300621
13,2021-09-08,10.82,10.63,10.9,10.52,72091,77088229.0,3.47,-3.01,-0.33,3.72,300621
14,2021-09-09,10.63,10.57,10.77,10.45,35822,37944976.0,3.01,-0.56,-0.06,1.85,300621
15,2021-09-10,10.58,10.31,10.66,10.27,44972,46887702.0,3.69,-2.46,-0.26,2.32,300621
16,2021-09-13,10.3,10.49,10.51,10.11,35028,36405016.0,3.88,1.75,0.18,1.81,300621
17,2021-09-14,10.52,10.02,10.54,9.99,53372,54398422.0,5.24,-4.48,-0.47,2.75,300621
18,2021-09-15,10.09,10.5,10.95,10.09,92089,97367724.0,8.58,4.79,0.48,4.75,300621
19,2021-09-16,10.48,10.2,10.9,10.2,84126,89433585.0,6.67,-2.86,-0.3,4.34,300621
20,2021-09-17,10.17,10.68,10.83,10.17,96736,102896765.0,6.47,4.71,0.48,4.99,300621
21,2021-09-22,10.53,10.85,11.05,10.52,86343,93836716.0,4.96,1.59,0.17,4.46,300621
22,2021-09-23,10.89,10.91,11.04,10.62,75909,82235802.0,3.87,0.55,0.06,3.92,300621
23,2021-09-24,10.7,10.38,10.79,10.26,68104,71213199.0,4.86,-4.86,-0.53,3.51,300621
24,2021-09-27,10.32,9.38,10.46,9.31,81373,79388492.0,11.08,-9.63,-1.0,4.2,300621
25,2021-09-28,9.54,9.42,9.62,9.22,36448,34403099.0,4.26,0.43,0.04,1.88,300621
26,2021-09-29,9.37,9.52,9.85,9.36,48634,47039240.0,5.2,1.06,0.1,2.51,300621
27,2021-09-30,9.53,9.55,9.65,9.41,28727,27466780.0,2.52,0.32,0.03,1.48,300621
28,2021-10-08,9.64,9.8,9.96,9.57,36927,36272181.0,4.08,2.62,0.25,1.91,300621
29,2021-10-11,9.8,9.55,9.94,9.5,25412,24502873.0,4.49,-2.55,-0.25,1.31,300621
30,2021-10-12,9.55,9.29,9.59,9.13,23611,22022671.0,4.82,-2.72,-0.26,1.22,300621
31,2021-10-13,9.25,9.24,9.29,9.06,15743,14512184.0,2.48,-0.54,-0.05,0.81,300621
32,2021-10-14,9.31,9.26,9.33,9.09,14496,13424396.0,2.6,0.22,0.02,0.75,300621
33,2021-10-15,9.3,9.02,9.3,8.97,18520,16847376.0,3.56,-2.59,-0.24,0.96,300621
34,2021-10-18,8.97,9.08,9.19,8.92,17279,15747038.0,2.99,0.67,0.06,0.89,300621
35,2021-10-19,9.09,9.03,9.17,8.99,14454,13158889.0,1.98,-0.55,-0.05,0.75,300621
36,2021-10-20,9.06,8.94,9.08,8.89,16497,14845171.0,2.1,-1.0,-0.09,0.85,300621
37,2021-10-21,8.92,8.81,8.99,8.79,13908,12394162.0,2.24,-1.45,-0.13,0.72,300621
38,2021-10-22,8.92,8.93,9.36,8.85,36561,33496258.0,5.79,1.36,0.12,1.89,300621
39,2021-10-25,8.87,8.81,8.92,8.48,22515,19761815.0,4.93,-1.34,-0.12,1.16,300621
40,2021-10-26,8.78,8.64,8.88,8.53,32335,28149574.0,3.97,-1.93,-0.17,1.67,300621
41,2021-10-27,8.55,8.71,8.84,8.37,23714,20490390.0,5.44,0.81,0.07,1.22,300621
42,2021-10-28,8.57,8.65,9.02,8.55,21731,19011171.0,5.4,-0.69,-0.06,1.12,300621
43,2021-10-29,8.66,8.72,8.79,8.49,16862,14674700.0,3.47,0.81,0.07,0.87,300621
44,2021-11-01,8.68,8.89,9.01,8.68,17793,15823575.0,3.78,1.95,0.17,0.92,300621
45,2021-11-02,8.83,8.66,8.97,8.54,20563,17998226.0,4.84,-2.59,-0.23,1.06,300621
46,2021-11-03,8.68,8.82,8.87,8.59,19897,17533923.0,3.23,1.85,0.16,1.03,300621
47,2021-11-04,8.78,8.83,8.92,8.72,14103,12458722.0,2.27,0.11,0.01,0.73,300621
48,2021-11-05,8.78,8.84,8.91,8.77,13060,11574197.0,1.59,0.11,0.01,0.67,300621
49,2021-11-08,8.86,8.93,8.93,8.74,12852,11394308.0,2.15,1.02,0.09,0.66,300621
50,2021-11-09,9.01,9.0,9.15,8.87,18793,17018123.0,3.14,0.78,0.07,0.97,300621
51,2021-11-10,8.93,9.06,9.06,8.84,14041,12634272.0,2.44,0.67,0.06,0.72,300621
52,2021-11-11,9.06,9.22,9.28,8.98,20646,19059538.0,3.31,1.77,0.16,1.07,300621
53,2021-11-12,9.19,9.2,9.4,9.09,22355,20597021.0,3.36,-0.22,-0.02,1.15,300621
54,2021-11-15,9.2,9.39,9.42,9.14,33700,31475801.0,3.04,2.07,0.19,1.74,300621
55,2021-11-16,9.46,9.23,9.46,9.2,19957,18587902.0,2.77,-1.7,-0.16,1.03,300621
56,2021-11-17,9.23,9.29,9.36,9.22,16994,15857876.0,1.52,0.65,0.06,0.88,300621
57,2021-11-18,9.36,9.1,9.36,9.07,20071,18511989.0,3.12,-2.05,-0.19,1.04,300621
58,2021-11-19,9.08,9.18,9.22,9.08,17300,15936317.0,1.54,0.88,0.08,0.89,300621
59,2021-11-22,9.22,9.23,9.29,9.13,14739,13653650.0,1.74,0.54,0.05,0.76,300621
60,2021-11-23,9.2,9.29,9.3,9.2,16236,15096165.0,1.08,0.65,0.06,0.84,300621
61,2021-11-24,9.23,9.28,9.34,9.1,19774,18321208.0,2.58,-0.11,-0.01,1.02,300621
62,2021-11-25,9.24,9.37,9.49,9.21,20203,18942783.0,3.02,0.97,0.09,1.04,300621
63,2021-11-26,9.37,9.27,9.37,9.22,15555,14498968.0,1.6,-1.07,-0.1,0.8,300621
64,2021-11-29,9.24,9.22,9.53,9.17,31363,29402116.0,3.88,-0.54,-0.05,1.62,300621
65,2021-11-30,9.17,9.43,9.47,9.17,36071,34015018.0,3.25,2.28,0.21,1.86,300621
66,2021-12-01,9.43,9.55,9.57,9.29,30083,28536031.0,2.97,1.27,0.12,1.55,300621
67,2021-12-02,9.56,9.43,9.84,9.39,43485,41837229.0,4.71,-1.26,-0.12,2.24,300621
68,2021-12-03,9.42,9.48,9.57,9.34,24536,23255075.0,2.44,0.53,0.05,1.27,300621
69,2021-12-06,9.48,9.23,9.52,9.2,20959,19644010.0,3.38,-2.64,-0.25,1.08,300621
70,2021-12-07,9.32,9.72,9.75,9.13,81973,78199815.0,6.72,5.31,0.49,4.23,300621
71,2021-12-08,9.57,9.41,9.57,9.32,59420,55998995.0,2.57,-3.19,-0.31,3.07,300621
72,2021-12-09,9.38,9.53,9.65,9.33,48666,46255641.0,3.4,1.28,0.12,2.51,300621
73,2021-12-10,9.47,9.45,9.52,9.3,34003,32112224.0,2.31,-0.84,-0.08,1.75,300621
74,2021-12-13,9.39,9.37,9.51,9.33,23348,22007290.0,1.9,-0.85,-0.08,1.2,300621
75,2021-12-14,9.36,9.43,9.5,9.19,31723,29881933.0,3.31,0.64,0.06,1.64,300621
76,2021-12-15,9.44,9.45,9.6,9.41,36191,34496098.0,2.01,0.21,0.02,1.87,300621
77,2021-12-16,9.44,9.61,9.75,9.4,47164,45648043.0,3.7,1.69,0.16,2.43,300621
78,2021-12-17,9.66,9.61,9.73,9.52,26251,25325864.0,2.19,0.0,0.0,1.35,300621
79,2021-12-20,9.67,9.49,9.67,9.49,27333,26259878.0,1.87,-1.25,-0.12,1.41,300621
80,2021-12-21,9.57,9.87,9.9,9.47,53413,52493060.0,4.53,4.0,0.38,2.76,300621
81,2021-12-22,9.85,9.67,9.9,9.67,37124,36259934.0,2.33,-2.03,-0.2,1.92,300621
82,2021-12-23,9.66,9.39,9.71,9.39,44553,42429171.0,3.31,-2.9,-0.28,2.3,300621
83,2021-12-24,9.42,8.87,9.45,8.87,54123,49041648.0,6.18,-5.54,-0.52,2.79,300621
84,2021-12-27,8.9,9.07,9.08,8.83,29430,26513953.0,2.82,2.25,0.2,1.52,300621
85,2021-12-28,9.09,9.02,9.12,8.93,18497,16750269.0,2.09,-0.55,-0.05,0.95,300621
86,2021-12-29,9.09,9.11,9.25,8.94,25102,22885930.0,3.44,1.0,0.09,1.3,300621
87,2021-12-30,9.11,9.13,9.24,9.04,19405,17822712.0,2.2,0.22,0.02,1.0,300621
88,2021-12-31,9.17,9.1,9.3,9.08,18392,16902616.0,2.41,-0.33,-0.03,0.95,300621
89,2022-01-04,9.14,9.59,9.65,9.12,58702,55806918.0,5.82,5.38,0.49,3.03,300621
90,2022-01-05,9.53,9.49,9.75,9.37,36881,35172591.0,3.96,-1.04,-0.1,1.9,300621
91,2022-01-06,9.52,9.63,9.78,9.43,32849,31807451.0,3.69,1.48,0.14,1.69,300621
92,2022-01-07,9.72,9.49,9.84,9.47,36635,35432681.0,3.84,-1.45,-0.14,1.89,300621
93,2022-01-10,9.49,9.61,9.66,9.3,27063,25949193.0,3.79,1.26,0.12,1.4,300621
94,2022-01-11,9.62,9.6,9.79,9.55,29427,28466979.0,2.5,-0.1,-0.01,1.52,300621
95,2022-01-12,9.6,9.72,9.84,9.55,32117,31318015.0,3.02,1.25,0.12,1.66,300621
96,2022-01-13,9.72,9.73,9.8,9.64,25217,24576079.0,1.65,0.1,0.01,1.3,300621
97,2022-01-14,9.72,9.47,9.81,9.44,34594,33354490.0,3.8,-2.67,-0.26,1.78,300621
98,2022-01-17,9.47,9.64,9.73,9.46,29431,28457326.0,2.85,1.8,0.17,1.52,300621
99,2022-01-18,9.64,9.31,9.79,9.27,40589,38364704.0,5.39,-3.42,-0.33,2.09,300621
100,2022-01-19,9.4,9.65,9.77,9.31,54549,52577193.0,4.94,3.65,0.34,2.81,300621
101,2022-01-20,9.64,9.26,9.73,9.23,38456,36332793.0,5.18,-4.04,-0.39,1.98,300621
102,2022-01-21,9.29,9.28,9.41,9.15,25806,23955691.0,2.81,0.22,0.02,1.33,300621
103,2022-01-24,9.22,9.02,9.28,9.01,18706,17046952.0,2.91,-2.8,-0.26,0.96,300621
104,2022-01-25,8.99,8.52,9.17,8.52,27797,24326428.0,7.21,-5.54,-0.5,1.43,300621
105,2022-01-26,8.58,8.67,8.72,8.49,16656,14388297.0,2.7,1.76,0.15,0.86,300621
106,2022-01-27,8.68,8.34,8.72,8.32,18852,15984007.0,4.61,-3.81,-0.33,0.97,300621
107,2022-01-28,8.44,8.61,8.71,8.38,16137,13879599.0,3.96,3.24,0.27,0.83,300621
108,2022-02-07,8.78,8.95,9.12,8.48,31019,27627396.0,7.43,3.95,0.34,1.6,300621
109,2022-02-08,8.92,9.38,9.42,8.89,52259,48770387.0,5.92,4.8,0.43,2.7,300621
110,2022-02-09,9.34,9.36,9.51,9.19,34965,32821679.0,3.41,-0.21,-0.02,1.8,300621
111,2022-02-10,9.35,9.32,9.47,9.2,24876,23283259.0,2.88,-0.43,-0.04,1.28,300621
112,2022-02-11,9.35,9.1,9.38,9.07,27612,25476033.0,3.33,-2.36,-0.22,1.42,300621
113,2022-02-14,9.22,9.29,9.35,9.01,29009,26873574.0,3.74,2.09,0.19,1.5,300621
114,2022-02-15,9.26,9.21,9.43,9.06,30821,28613256.0,3.98,-0.86,-0.08,1.59,300621
115,2022-02-16,9.34,9.71,9.95,9.26,56640,54704996.0,7.49,5.43,0.5,2.92,300621
116,2022-02-17,9.75,9.77,10.2,9.62,81886,81310800.0,5.97,0.62,0.06,4.22,300621
117,2022-02-18,9.62,10.17,10.38,9.6,81360,81855243.0,7.98,4.09,0.4,4.2,300621
118,2022-02-21,10.07,10.08,10.16,9.87,66387,66793907.0,2.85,-0.88,-0.09,3.42,300621
119,2022-02-22,10.0,10.02,10.27,9.94,51095,51591634.0,3.27,-0.6,-0.06,2.64,300621
120,2022-02-23,10.15,9.9,10.17,9.87,36114,36003997.0,2.99,-1.2,-0.12,1.86,300621
121,2022-02-24,9.9,9.67,10.01,9.51,43935,43140607.0,5.05,-2.32,-0.23,2.27,300621
122,2022-02-25,9.82,9.92,10.1,9.68,34010,33938761.0,4.34,2.59,0.25,1.75,300621
123,2022-02-28,9.9,9.73,9.92,9.54,35973,34873049.0,3.83,-1.92,-0.19,1.86,300621
124,2022-03-01,9.74,9.77,10.05,9.68,37576,36953477.0,3.8,0.41,0.04,1.94,300621
125,2022-03-02,9.66,9.8,9.92,9.57,38894,38275261.0,3.58,0.31,0.03,2.01,300621
126,2022-03-03,9.95,9.77,9.95,9.69,28376,27831716.0,2.65,-0.31,-0.03,1.46,300621
127,2022-03-04,9.73,9.57,9.75,9.47,27548,26549874.0,2.87,-2.05,-0.2,1.42,300621
128,2022-03-07,9.57,9.51,9.65,9.42,27131,25932638.0,2.4,-0.63,-0.06,1.4,300621
129,2022-03-08,9.47,9.2,9.55,9.11,26883,24993609.0,4.63,-3.26,-0.31,1.39,300621
130,2022-03-09,9.22,9.05,9.36,8.69,32890,29864034.0,7.28,-1.63,-0.15,1.7,300621
131,2022-03-10,9.17,9.27,9.48,9.16,26993,25240739.0,3.54,2.43,0.22,1.39,300621
132,2022-03-11,9.12,9.2,9.26,8.87,29602,26905732.0,4.21,-0.76,-0.07,1.53,300621
133,2022-03-14,9.2,8.84,9.2,8.8,27536,24727070.0,4.35,-3.91,-0.36,1.42,300621
134,2022-03-15,8.77,8.46,8.95,8.43,35933,31426079.0,5.88,-4.3,-0.38,1.85,300621
135,2022-03-16,8.59,8.68,8.75,8.35,26823,23082303.0,4.73,2.6,0.22,1.38,300621
136,2022-03-17,9.47,9.0,9.51,8.89,66873,61444135.0,7.14,3.69,0.32,3.45,300621
137,2022-03-18,8.85,10.02,10.8,8.85,179855,180202944.0,21.67,11.33,1.02,9.28,300621
138,2022-03-21,10.08,10.15,10.55,9.87,159980,163068493.0,6.79,1.3,0.13,8.25,300621
139,2022-03-22,9.89,10.38,11.05,9.87,183452,190599863.0,11.63,2.27,0.23,9.46,300621
140,2022-03-23,10.4,10.36,10.59,10.16,140113,145654386.0,4.14,-0.19,-0.02,7.23,300621
141,2022-03-24,10.11,10.38,10.94,10.08,146008,154194200.0,8.3,0.19,0.02,7.53,300621
142,2022-03-25,10.36,10.52,10.57,10.1,116496,121199312.0,4.53,1.35,0.14,6.01,300621
143,2022-03-28,10.33,10.67,10.92,10.13,115648,122479546.0,7.51,1.43,0.15,5.97,300621
144,2022-03-29,10.56,10.4,10.56,10.2,80277,83534365.0,3.37,-2.53,-0.27,4.14,300621
145,2022-03-30,10.37,11.28,12.49,10.36,251343,289874112.0,20.48,8.46,0.88,12.96,300621
146,2022-03-31,11.0,11.59,12.15,10.82,268003,306321616.0,11.79,2.75,0.31,13.82,300621
147,2022-04-01,11.32,10.72,11.37,10.7,180848,197899641.0,5.78,-7.51,-0.87,9.33,300621
148,2022-04-06,10.69,10.76,11.14,10.61,126861,137512647.0,4.94,0.37,0.04,6.54,300621
149,2022-04-07,10.86,10.88,11.5,10.79,163048,181368471.0,6.6,1.12,0.12,8.41,300621
150,2022-04-08,10.57,10.87,11.35,10.54,156320,171913480.0,7.44,-0.09,-0.01,8.06,300621
151,2022-04-11,10.79,10.81,11.27,10.61,116461,127191517.0,6.07,-0.55,-0.06,6.01,300621
152,2022-04-12,10.61,11.38,11.38,10.35,166789,184483813.0,9.53,5.27,0.57,8.6,300621
153,2022-04-13,11.04,10.61,11.05,10.43,139248,148433053.0,5.45,-6.77,-0.77,7.18,300621
154,2022-04-14,10.59,10.19,10.59,9.8,127686,128899740.0,7.45,-3.96,-0.42,6.59,300621
155,2022-04-15,10.08,9.63,10.08,9.54,88263,86105626.0,5.3,-5.5,-0.56,4.55,300621
156,2022-04-18,9.58,9.53,9.67,9.23,53753,51104100.0,4.57,-1.04,-0.1,2.77,300621
157,2022-04-19,9.55,9.77,9.86,9.4,47877,46678737.0,4.83,2.52,0.24,2.47,300621
158,2022-04-20,9.74,9.45,9.88,9.4,44706,43139042.0,4.91,-3.28,-0.32,2.31,300621
159,2022-04-21,9.43,8.9,9.57,8.9,48371,44362103.0,7.09,-5.82,-0.55,2.5,300621
160,2022-04-22,8.88,8.9,9.09,8.77,45920,41241795.0,3.6,0.0,0.0,2.37,300621
161,2022-04-25,8.71,7.91,8.82,7.91,69647,58313306.0,10.22,-11.12,-0.99,3.59,300621
162,2022-04-26,8.17,7.9,8.33,7.89,61511,50154700.0,5.56,-0.13,-0.01,3.17,300621
163,2022-04-27,7.98,7.78,8.05,7.41,77245,59496582.0,8.1,-1.52,-0.12,3.98,300621
164,2022-04-28,7.65,7.46,7.81,7.31,66179,50051812.0,6.43,-4.11,-0.32,3.41,300621
165,2022-04-29,7.56,7.67,7.75,7.5,60412,46387756.0,3.35,2.82,0.21,3.12,300621
166,2022-05-05,7.7,7.99,7.99,7.54,63621,49948855.0,5.87,4.17,0.32,3.28,300621
167,2022-05-06,7.67,7.84,7.87,7.6,49626,38646075.0,3.38,-1.88,-0.15,2.56,300621
168,2022-05-09,8.12,8.14,8.32,7.92,66429,54425137.0,5.1,3.83,0.3,3.43,300621
169,2022-05-10,8.04,8.62,8.65,7.98,80020,67562024.0,8.23,5.9,0.48,4.13,300621
170,2022-05-11,8.61,8.56,9.15,8.47,97324,85638625.0,7.89,-0.7,-0.06,5.02,300621
171,2022-05-12,8.86,8.99,9.37,8.68,105495,94886025.0,8.06,5.02,0.43,5.44,300621
172,2022-05-13,8.9,8.8,9.27,8.72,70703,62725221.0,6.12,-2.11,-0.19,3.65,300621
173,2022-05-16,8.88,9.04,9.42,8.76,80583,73125307.0,7.5,2.73,0.24,4.16,300621
174,2022-05-17,9.07,9.16,9.22,8.6,83426,74691657.0,6.86,1.33,0.12,4.3,300621
175,2022-05-18,9.28,9.34,9.96,9.12,101943,97857553.0,9.17,1.97,0.18,5.26,300621
176,2022-05-19,9.22,9.76,9.97,9.16,128741,125177270.0,8.67,4.5,0.42,6.64,300621
177,2022-05-20,9.85,9.38,9.85,9.28,86211,82257490.0,5.84,-3.89,-0.38,4.45,300621
178,2022-05-23,9.45,9.35,9.52,9.29,44680,42128637.0,2.45,-0.32,-0.03,2.3,300621
179,2022-05-24,9.38,8.91,9.49,8.91,51103,46898189.0,6.2,-4.71,-0.44,2.64,300621
180,2022-05-25,8.88,9.15,9.24,8.86,33785,30917439.0,4.26,2.69,0.24,1.74,300621
181,2022-05-26,9.19,9.02,9.37,9.0,36673,33559112.0,4.04,-1.42,-0.13,1.89,300621
182,2022-05-27,9.05,9.73,9.75,8.98,91648,87042038.0,8.54,7.87,0.71,4.73,300621
183,2022-05-30,9.66,9.35,9.72,9.22,71792,67611959.0,5.14,-3.91,-0.38,3.7,300621
184,2022-05-31,9.3,9.2,9.53,9.09,47174,43783236.0,4.71,-1.6,-0.15,2.43,300621
185,2022-06-01,9.15,9.21,9.38,9.07,37691,34871871.0,3.37,0.11,0.01,1.94,300621
186,2022-06-02,9.17,9.08,9.33,9.05,38402,35105621.0,3.04,-1.41,-0.13,1.98,300621
187,2022-06-06,9.07,9.07,9.18,8.9,39153,35499677.0,3.08,-0.11,-0.01,2.02,300621
188,2022-06-07,9.16,9.44,9.64,8.93,123338,115209036.0,7.83,4.08,0.37,6.36,300621
189,2022-06-08,9.41,9.92,10.36,9.2,176148,175394875.0,12.29,5.08,0.48,9.09,300621
190,2022-06-09,9.78,9.19,9.83,9.17,120254,114100962.0,6.65,-7.36,-0.73,6.2,300621
191,2022-06-10,9.13,9.24,9.43,8.84,99018,90663436.0,6.42,0.54,0.05,5.11,300621
192,2022-06-13,9.12,8.89,9.32,8.83,75453,67887610.0,5.3,-3.79,-0.35,3.89,300621
193,2022-06-14,8.87,8.65,8.88,8.38,60724,52333865.0,5.62,-2.7,-0.24,3.13,300621
194,2022-06-15,8.59,8.88,9.03,8.58,58640,52021309.0,5.2,2.66,0.23,3.02,300621
195,2022-06-16,9.17,9.06,9.63,8.98,93061,86153278.0,7.32,2.03,0.18,4.8,300621
196,2022-06-17,8.97,8.84,9.35,8.81,76900,69330317.0,5.96,-2.43,-0.22,3.97,300621
197,2022-06-20,8.83,9.0,9.19,8.83,62802,56979011.0,4.07,1.81,0.16,3.24,300621
198,2022-06-21,9.01,9.21,9.42,8.95,71438,65920320.0,5.22,2.33,0.21,3.68,300621
199,2022-06-22,9.06,8.74,9.17,8.74,67424,59856584.0,4.67,-5.1,-0.47,3.48,300621
200,2022-06-23,8.7,8.83,8.88,8.57,48814,42697164.0,3.55,1.03,0.09,2.52,300621
201,2022-06-24,8.78,8.74,8.89,8.68,36883,32225814.0,2.38,-1.02,-0.09,1.9,300621
202,2022-06-27,8.77,8.76,8.81,8.68,38766,33900707.0,1.49,0.23,0.02,2.0,300621
203,2022-06-28,8.83,8.9,9.04,8.76,46158,41042550.0,3.2,1.6,0.14,2.38,300621
204,2022-06-29,8.87,8.94,9.12,8.84,52610,47197410.0,3.15,0.45,0.04,2.71,300621
205,2022-06-30,9.17,9.06,9.17,8.96,64910,58937333.0,2.35,1.34,0.12,3.34,300621
206,2022-07-01,9.07,9.07,9.3,8.99,58871,53850291.0,3.42,0.11,0.01,3.03,300621
207,2022-07-04,9.0,8.81,9.15,8.78,43689,38688466.0,4.08,-2.87,-0.26,2.25,300621
208,2022-07-05,8.8,8.7,8.83,8.55,40602,35258200.0,3.18,-1.25,-0.11,2.09,300621
209,2022-07-06,8.67,8.65,8.77,8.55,30624,26436102.0,2.53,-0.57,-0.05,1.58,300621
210,2022-07-07,8.64,8.6,8.71,8.56,26141,22547048.0,1.73,-0.58,-0.05,1.35,300621
211,2022-07-08,8.6,8.62,8.73,8.6,23208,20080894.0,1.51,0.23,0.02,1.2,300621
212,2022-07-11,8.55,8.51,8.65,8.47,27296,23295521.0,2.09,-1.28,-0.11,1.41,300621
213,2022-07-12,8.54,8.58,8.72,8.36,38188,32615199.0,4.23,0.82,0.07,1.97,300621
214,2022-07-13,8.61,8.82,8.86,8.58,48455,42483593.0,3.26,2.8,0.24,2.5,300621
215,2022-07-14,8.76,8.55,8.94,8.54,39560,34317973.0,4.54,-3.06,-0.27,2.04,300621
216,2022-07-15,8.55,8.17,8.63,8.17,43049,35723594.0,5.38,-4.44,-0.38,2.22,300621
217,2022-07-18,8.19,8.64,8.64,8.19,43686,37187939.0,5.51,5.75,0.47,2.25,300621
218,2022-07-19,8.58,8.67,8.74,8.56,27485,23840428.0,2.08,0.35,0.03,1.42,300621
219,2022-07-20,8.66,8.68,8.73,8.6,27261,23624321.0,1.5,0.12,0.01,1.4,300621
220,2022-07-21,8.61,8.63,8.75,8.6,19774,17111778.0,1.73,-0.58,-0.05,1.02,300621
221,2022-07-22,8.65,8.72,8.79,8.57,31473,27363963.0,2.55,1.04,0.09,1.62,300621
222,2022-07-25,8.69,8.6,8.77,8.54,20402,17591863.0,2.64,-1.38,-0.12,1.05,300621
223,2022-07-26,8.64,8.79,8.81,8.51,31666,27588417.0,3.49,2.21,0.19,1.63,300621
224,2022-07-27,8.79,8.7,8.91,8.68,21641,18929708.0,2.62,-1.02,-0.09,1.11,300621
225,2022-07-28,8.75,8.75,8.83,8.67,19522,17042476.0,1.84,0.57,0.05,1.01,300621
226,2022-07-29,8.75,8.65,8.81,8.6,20278,17613320.0,2.4,-1.14,-0.1,1.04,300621
227,2022-08-01,8.61,8.56,8.74,8.54,20688,17736310.0,2.31,-1.04,-0.09,1.07,300621
228,2022-08-02,8.54,8.1,8.54,8.04,32464,26630741.0,5.84,-5.37,-0.46,1.67,300621
229,2022-08-03,8.1,8.07,8.35,8.03,22134,18185303.0,3.95,-0.37,-0.03,1.14,300621
230,2022-08-04,8.1,8.28,8.29,8.0,20237,16460105.0,3.59,2.6,0.21,1.04,300621
231,2022-08-05,8.28,8.27,8.31,8.13,16534,13568620.0,2.17,-0.12,-0.01,0.85,300621
232,2022-08-08,8.3,8.33,8.44,8.22,17115,14221494.0,2.66,0.73,0.06,0.88,300621
233,2022-08-09,8.33,8.35,8.44,8.3,19229,16113338.0,1.68,0.24,0.02,0.99,300621
234,2022-08-10,8.48,8.41,8.62,8.22,26349,22303134.0,4.79,0.72,0.06,1.36,300621
235,2022-08-11,8.5,8.53,8.63,8.47,23906,20425636.0,1.9,1.43,0.12,1.23,300621
236,2022-08-12,8.54,8.59,8.65,8.52,23050,19804026.0,1.52,0.7,0.06,1.19,300621
237,2022-08-15,8.6,8.7,8.74,8.54,33019,28647379.0,2.33,1.28,0.11,1.7,300621
238,2022-08-16,8.71,8.91,8.95,8.66,40141,35526060.0,3.33,2.41,0.21,2.07,300621
239,2022-08-17,8.92,8.86,8.97,8.82,27479,24405248.0,1.68,-0.56,-0.05,1.42,300621
240,2022-08-18,8.82,8.82,8.85,8.76,18914,16627889.0,1.02,-0.45,-0.04,0.97,300621
241,2022-08-19,8.8,8.7,8.92,8.7,18508,16273928.0,2.49,-1.36,-0.12,0.95,300621
242,2022-08-22,8.7,8.77,8.81,8.69,14243,12461216.0,1.38,0.8,0.07,0.73,300621
243,2022-08-23,8.82,8.95,8.98,8.75,43812,38891261.0,2.62,2.05,0.18,2.26,300621
244,2022-08-24,9.0,8.86,9.1,8.81,38829,34711381.0,3.24,-1.01,-0.09,2.0,300621
245,2022-08-25,8.84,8.89,9.02,8.79,30431,27062587.0,2.6,0.34,0.03,1.57,300621
246,2022-08-26,9.05,9.05,9.23,8.81,49739,45038450.0,4.72,1.8,0.16,2.56,300621
247,2022-08-29,9.01,9.08,9.09,8.8,28136,25258496.0,3.2,0.33,0.03,1.45,300621
248,2022-08-30,9.01,9.14,9.21,9.01,31980,29167674.0,2.2,0.66,0.06,1.65,300621
249,2022-08-31,9.09,8.91,9.19,8.87,38221,34298101.0,3.5,-2.52,-0.23,1.97,300621
250,2022-09-01,8.89,8.95,9.13,8.86,31729,28558955.0,3.03,0.45,0.04,1.63,300621
251,2022-09-02,8.95,8.99,9.04,8.87,23855,21398081.0,1.9,0.45,0.04,1.23,300621
252,2022-09-05,9.02,9.07,9.13,8.96,28627,25890602.0,1.89,0.89,0.08,1.47,300621
253,2022-09-06,9.07,9.08,9.16,8.99,19256,17440844.0,1.87,0.11,0.01,0.99,300621
254,2022-09-07,9.07,9.16,9.23,9.03,28728,26270525.0,2.2,0.88,0.08,1.48,300621
255,2022-09-08,9.16,9.1,9.27,9.05,22951,20934996.0,2.4,-0.66,-0.06,1.18,300621
256,2022-09-09,9.05,9.07,9.18,9.02,19319,17557274.0,1.76,-0.33,-0.03,1.0,300621
257,2022-09-13,9.15,9.17,9.24,9.09,29846,27402370.0,1.65,1.1,0.1,1.54,300621
258,2022-09-14,9.03,9.18,9.2,9.0,24831,22692969.0,2.18,0.11,0.01,1.28,300621
259,2022-09-15,9.2,9.15,9.22,8.95,32398,29472954.0,2.94,-0.33,-0.03,1.67,300621
260,2022-09-16,9.14,8.72,9.14,8.72,33107,29532734.0,4.59,-4.7,-0.43,1.71,300621
261,2022-09-19,8.74,8.68,8.81,8.61,17080,14863233.0,2.29,-0.46,-0.04,0.88,300621
262,2022-09-20,8.68,8.74,8.85,8.62,18265,15956717.0,2.65,0.69,0.06,0.94,300621
263,2022-09-21,8.71,8.95,8.98,8.59,26252,23183627.0,4.46,2.4,0.21,1.35,300621
264,2022-09-22,8.95,8.81,9.04,8.79,21840,19406839.0,2.79,-1.56,-0.14,1.13,300621
265,2022-09-23,8.8,8.73,8.99,8.71,20868,18440463.0,3.18,-0.91,-0.08,1.07,300621
266,2022-09-26,8.66,8.36,8.71,8.35,25352,21523917.0,4.12,-4.24,-0.37,1.31,300621
267,2022-09-27,8.43,8.67,8.67,8.42,22242,18998366.0,2.99,3.71,0.31,1.15,300621
268,2022-09-28,8.65,8.4,8.69,8.4,18846,16030246.0,3.34,-3.11,-0.27,0.97,300621
269,2022-09-29,8.5,8.23,8.55,8.17,19326,16108841.0,4.52,-2.02,-0.17,1.0,300621
270,2022-09-30,8.28,8.07,8.33,8.07,16498,13435262.0,3.16,-1.94,-0.16,0.85,300621
271,2022-10-10,8.13,7.95,8.18,7.95,18520,14901671.0,2.85,-1.49,-0.12,0.95,300621
272,2022-10-11,7.97,7.86,8.05,7.79,15799,12442102.0,3.27,-1.13,-0.09,0.81,300621
273,2022-10-12,7.94,8.11,8.11,7.81,17704,14074813.0,3.82,3.18,0.25,0.91,300621
274,2022-10-13,8.09,8.11,8.14,8.01,15741,12720061.0,1.6,0.0,0.0,0.81,300621
275,2022-10-14,8.18,8.25,8.31,8.1,16019,13191943.0,2.59,1.73,0.14,0.83,300621
276,2022-10-17,8.25,8.36,8.39,8.19,18586,15431050.0,2.42,1.33,0.11,0.96,300621
277,2022-10-18,8.39,8.39,8.54,8.35,16842,14193944.0,2.27,0.36,0.03,0.87,300621
278,2022-10-19,8.47,8.33,8.47,8.31,12911,10784790.0,1.91,-0.72,-0.06,0.67,300621
279,2022-10-20,8.3,8.28,8.43,8.22,13193,10967308.0,2.52,-0.6,-0.05,0.68,300621
280,2022-10-21,8.33,8.38,8.47,8.22,16976,14265551.0,3.02,1.21,0.1,0.87,300621
281,2022-10-24,8.37,8.2,8.43,8.13,23578,19513015.0,3.58,-2.15,-0.18,1.21,300621
282,2022-10-25,8.2,8.13,8.25,8.03,18909,15374500.0,2.68,-0.85,-0.07,0.97,300621
283,2022-10-26,8.19,8.29,8.3,8.15,15691,12952417.0,1.85,1.97,0.16,0.81,300621
284,2022-10-27,8.34,8.49,8.55,8.26,26437,22334673.0,3.5,2.41,0.2,1.36,300621
285,2022-10-28,8.0,7.81,8.17,7.74,61687,48751866.0,5.06,-8.01,-0.68,3.18,300621
286,2022-10-31,7.72,7.63,7.8,7.58,44305,34005050.0,2.82,-2.3,-0.18,2.28,300621
287,2022-11-01,7.65,7.83,7.83,7.62,28294,21829656.0,2.75,2.62,0.2,1.46,300621
288,2022-11-02,7.79,7.93,7.99,7.76,25415,20129737.0,2.94,1.28,0.1,1.31,300621
289,2022-11-03,7.85,7.9,7.95,7.83,18930,14938063.0,1.51,-0.38,-0.03,0.98,300621
290,2022-11-04,7.9,7.98,7.99,7.87,19367,15383852.0,1.52,1.01,0.08,1.0,300621
291,2022-11-07,7.97,8.15,8.18,7.96,29246,23684295.0,2.76,2.13,0.17,1.51,300621
292,2022-11-08,8.15,8.28,8.29,8.1,21169,17366131.0,2.33,1.6,0.13,1.09,300621
293,2022-11-09,8.28,8.37,8.4,8.22,21392,17836424.0,2.17,1.09,0.09,1.1,300621
294,2022-11-10,8.28,8.34,8.41,8.23,16072,13398951.0,2.15,-0.36,-0.03,0.83,300621
295,2022-11-11,8.42,8.51,8.66,8.32,39458,33542243.0,4.08,2.04,0.17,2.03,300621
296,2022-11-14,8.6,8.56,8.81,8.5,38645,33397504.0,3.64,0.59,0.05,1.99,300621
297,2022-11-15,8.56,8.56,8.63,8.41,29369,25048711.0,2.57,0.0,0.0,1.51,300621
298,2022-11-16,8.52,8.54,8.66,8.49,19041,16266902.0,1.99,-0.23,-0.02,0.98,300621
299,2022-11-17,8.54,8.64,8.68,8.47,20283,17429346.0,2.46,1.17,0.1,1.04,300621
300,2022-11-18,8.65,8.68,8.8,8.6,25654,22322013.0,2.31,0.46,0.04,1.32,300621
301,2022-11-21,8.6,8.51,8.66,8.48,21824,18627520.0,2.07,-1.96,-0.17,1.12,300621
302,2022-11-22,8.48,8.51,8.64,8.4,26811,22836423.0,2.82,0.0,0.0,1.38,300621
303,2022-11-23,8.58,8.8,8.9,8.56,74008,64944421.0,4.0,3.41,0.29,3.81,300621
304,2022-11-24,8.68,8.8,9.03,8.68,57472,51047803.0,3.98,0.0,0.0,2.96,300621
305,2022-11-25,8.74,8.71,8.88,8.71,37637,33107990.0,1.93,-1.02,-0.09,1.94,300621
306,2022-11-28,8.65,8.6,8.74,8.53,31744,27277416.0,2.41,-1.26,-0.11,1.64,300621
307,2022-11-29,8.86,8.91,9.0,8.7,59188,52457573.0,3.49,3.6,0.31,3.05,300621
308,2022-11-30,8.92,8.74,9.03,8.69,45522,40213762.0,3.82,-1.91,-0.17,2.35,300621
309,2022-12-01,8.75,8.62,8.84,8.6,30761,26708397.0,2.75,-1.37,-0.12,1.58,300621
310,2022-12-02,8.62,8.7,8.73,8.58,22376,19371127.0,1.74,0.93,0.08,1.15,300621
311,2022-12-05,8.79,8.95,9.07,8.77,65941,58679727.0,3.45,2.87,0.25,3.4,300621
312,2022-12-06,8.93,9.0,9.1,8.8,57208,51113435.0,3.35,0.56,0.05,2.95,300621
313,2022-12-07,8.99,8.95,9.11,8.82,46715,41606950.0,3.22,-0.56,-0.05,2.41,300621
314,2022-12-08,8.93,9.08,9.17,8.82,71307,64614524.0,3.91,1.45,0.13,3.67,300621
315,2022-12-09,9.12,8.82,9.19,8.78,55272,49429553.0,4.52,-2.86,-0.26,2.85,300621
316,2022-12-12,8.8,8.59,8.85,8.55,41955,36296456.0,3.4,-2.61,-0.23,2.16,300621
317,2022-12-13,8.62,8.59,8.63,8.51,24118,20662246.0,1.4,0.0,0.0,1.24,300621
318,2022-12-14,8.59,8.54,8.69,8.44,39274,33513946.0,2.91,-0.58,-0.05,2.02,300621
319,2022-12-15,8.52,8.77,8.83,8.49,35283,30734546.0,3.98,2.69,0.23,1.82,300621
320,2022-12-16,8.69,8.57,8.75,8.52,18138,15647895.0,2.62,-2.28,-0.2,0.93,300621
321,2022-12-19,8.59,8.19,8.6,8.13,33772,27940505.0,5.48,-4.43,-0.38,1.74,300621
322,2022-12-20,8.25,8.21,8.26,8.03,16208,13247892.0,2.81,0.24,0.02,0.83,300621
323,2022-12-21,8.25,8.12,8.25,8.07,12820,10439153.0,2.19,-1.1,-0.09,0.66,300621
324,2022-12-22,8.3,7.97,8.3,7.95,17272,13928905.0,4.31,-1.85,-0.15,0.89,300621
325,2022-12-23,7.95,7.98,8.08,7.9,15779,12583038.0,2.26,0.13,0.01,0.81,300621
326,2022-12-26,8.01,7.99,8.04,7.94,14926,11917757.0,1.25,0.13,0.01,0.77,300621
327,2022-12-27,8.03,7.97,8.17,7.96,18490,14859096.0,2.63,-0.25,-0.02,0.95,300621
328,2022-12-28,7.96,7.85,7.98,7.84,17271,13611210.0,1.76,-1.51,-0.12,0.89,300621
329,2022-12-29,7.85,7.77,7.89,7.77,13802,10788214.0,1.53,-1.02,-0.08,0.71,300621
330,2022-12-30,7.78,7.92,7.93,7.76,14811,11639495.0,2.19,1.93,0.15,0.76,300621
331,2023-01-03,7.88,8.02,8.03,7.86,14752,11772758.0,2.15,1.26,0.1,0.75,300621
332,2023-01-04,8.0,8.17,8.21,7.97,20167,16390306.0,2.99,1.87,0.15,1.03,300621
333,2023-01-05,8.16,8.32,8.35,8.12,27801,22922213.0,2.82,1.84,0.15,1.42,300621
334,2023-01-06,8.31,8.38,8.53,8.28,34701,29243633.0,3.0,0.72,0.06,1.77,300621
335,2023-01-09,8.38,9.15,9.26,8.38,113058,101594526.0,10.5,9.19,0.77,5.77,300621
336,2023-01-10,9.17,9.05,9.35,9.02,75087,69232674.0,3.61,-1.09,-0.1,3.83,300621
337,2023-01-11,9.14,8.91,9.16,8.9,43728,39450164.0,2.87,-1.55,-0.14,2.23,300621
338,2023-01-12,8.92,8.91,8.99,8.86,28253,25236333.0,1.46,0.0,0.0,1.44,300621
339,2023-01-13,9.07,8.94,9.07,8.87,15621,14000184.0,2.24,0.34,0.03,0.8,300621
340,2023-01-16,9.06,8.84,9.08,8.77,24138,21415207.0,3.47,-1.12,-0.1,1.23,300621
341,2023-01-17,8.9,8.8,8.9,8.76,13260,11653421.0,1.58,-0.45,-0.04,0.68,300621
342,2023-01-18,8.76,8.71,8.87,8.68,14417,12576981.0,2.16,-1.02,-0.09,0.74,300621
343,2023-01-19,8.68,8.7,8.73,8.64,13575,11773428.0,1.03,-0.11,-0.01,0.69,300621
344,2023-01-20,8.7,8.76,8.8,8.67,17067,14931750.0,1.49,0.69,0.06,0.87,300621
345,2023-01-30,8.82,8.91,9.0,8.82,19319,17237475.0,2.05,1.71,0.15,0.99,300621
346,2023-01-31,8.87,8.91,8.95,8.82,13556,12054860.0,1.46,0.0,0.0,0.69,300621
347,2023-02-01,8.95,8.99,9.01,8.89,18428,16495788.0,1.35,0.9,0.08,0.94,300621
348,2023-02-02,9.0,8.92,9.01,8.91,14574,13045361.0,1.11,-0.78,-0.07,0.74,300621
349,2023-02-03,8.9,8.9,8.98,8.8,18732,16636781.0,2.02,-0.22,-0.02,0.96,300621
350,2023-02-06,8.92,8.9,8.98,8.85,12507,11145673.0,1.46,0.0,0.0,0.64,300621
351,2023-02-07,8.88,9.13,9.13,8.88,24355,22006095.0,2.81,2.58,0.23,1.24,300621
352,2023-02-08,9.14,9.09,9.18,9.03,17285,15726194.0,1.64,-0.44,-0.04,0.88,300621
353,2023-02-09,9.09,9.1,9.16,9.04,17014,15513008.0,1.32,0.11,0.01,0.87,300621
354,2023-02-10,9.11,9.26,9.43,9.11,35509,33016786.0,3.52,1.76,0.16,1.81,300621
355,2023-02-13,9.27,9.38,9.42,9.27,22170,20747056.0,1.62,1.3,0.12,1.13,300621
356,2023-02-14,9.38,9.51,9.62,9.38,25454,24235085.0,2.56,1.39,0.13,1.3,300621
357,2023-02-15,9.52,9.44,9.66,9.38,23779,22506595.0,2.94,-0.74,-0.07,1.21,300621
358,2023-02-16,9.45,9.13,9.61,9.06,25766,24035075.0,5.83,-3.28,-0.31,1.32,300621
359,2023-02-17,9.14,9.12,9.29,9.1,22727,20880832.0,2.08,-0.11,-0.01,1.16,300621
360,2023-02-20,9.2,9.18,9.22,9.04,15451,14109276.0,1.97,0.66,0.06,0.79,300621
361,2023-02-21,9.2,9.33,9.35,9.18,14202,13153947.0,1.85,1.63,0.15,0.73,300621
362,2023-02-22,9.28,9.24,9.39,9.23,15672,14558739.0,1.71,-0.96,-0.09,0.8,300621
363,2023-02-23,9.31,9.38,9.59,9.22,23185,21791028.0,4.0,1.52,0.14,1.18,300621
364,2023-02-24,9.38,9.35,9.46,9.29,11489,10752333.0,1.81,-0.32,-0.03,0.59,300621
365,2023-02-27,9.33,9.15,9.43,9.14,11221,10352592.0,3.1,-2.14,-0.2,0.57,300621
366,2023-02-28,9.14,9.29,9.29,9.05,15434,14186487.0,2.62,1.53,0.14,0.79,300621
367,2023-03-01,9.41,9.74,9.77,9.26,46750,44963614.0,5.49,4.84,0.45,2.39,300621
368,2023-03-02,9.71,9.66,9.82,9.59,21270,20605251.0,2.36,-0.82,-0.08,1.09,300621
369,2023-03-03,9.66,9.74,9.78,9.59,25467,24705528.0,1.97,0.83,0.08,1.3,300621
370,2023-03-06,9.74,9.73,9.8,9.62,18558,18025425.0,1.85,-0.1,-0.01,0.95,300621
371,2023-03-07,9.8,9.75,9.91,9.68,22488,22003088.0,2.36,0.21,0.02,1.15,300621
372,2023-03-08,9.76,9.92,9.96,9.6,21178,20895028.0,3.69,1.74,0.17,1.08,300621
373,2023-03-09,9.95,10.39,10.39,9.85,50889,51925503.0,5.44,4.74,0.47,2.6,300621
374,2023-03-10,10.24,10.27,10.36,10.15,38541,39555036.0,2.02,-1.15,-0.12,1.97,300621
375,2023-03-13,10.19,10.16,10.33,10.03,21012,21319237.0,2.92,-1.07,-0.11,1.07,300621
376,2023-03-14,10.16,9.94,10.23,9.88,21593,21579193.0,3.44,-2.17,-0.22,1.1,300621
377,2023-03-15,10.13,10.14,10.24,9.9,19523,19694944.0,3.42,2.01,0.2,1.0,300621
378,2023-03-16,10.1,9.86,10.12,9.81,17387,17248584.0,3.06,-2.76,-0.28,0.89,300621
379,2023-03-17,9.94,9.88,10.08,9.82,16161,16086696.0,2.64,0.2,0.02,0.83,300621
380,2023-03-20,9.91,9.79,10.01,9.73,28192,27702588.0,2.83,-0.91,-0.09,1.44,300621
381,2023-03-21,9.88,9.96,9.97,9.7,15671,15486336.0,2.76,1.74,0.17,0.8,300621
382,2023-03-22,9.96,10.27,10.34,9.94,29908,30576233.0,4.02,3.11,0.31,1.53,300621
383,2023-03-23,10.19,10.18,10.29,9.97,17828,18044372.0,3.12,-0.88,-0.09,0.91,300621
384,2023-03-24,10.23,10.03,10.26,9.99,15915,16087582.0,2.65,-1.47,-0.15,0.81,300621
385,2023-03-27,10.02,9.99,10.04,9.76,24589,24338198.0,2.79,-0.4,-0.04,1.26,300621
386,2023-03-28,10.01,9.96,10.13,9.78,19004,18925566.0,3.5,-0.3,-0.03,0.97,300621
387,2023-03-29,9.88,9.71,10.06,9.69,21450,21052884.0,3.71,-2.51,-0.25,1.1,300621
388,2023-03-30,9.7,9.53,9.77,9.48,15248,14628725.0,2.99,-1.85,-0.18,0.78,300621
389,2023-03-31,9.63,9.74,9.78,9.52,13686,13286556.0,2.73,2.2,0.21,0.7,300621
390,2023-04-03,9.9,10.12,10.16,9.75,32532,32583127.0,4.21,3.9,0.38,1.66,300621
391,2023-04-04,10.17,9.88,10.2,9.76,31129,30810221.0,4.35,-2.37,-0.24,1.59,300621
392,2023-04-06,9.91,9.65,9.91,9.64,22060,21402500.0,2.73,-2.33,-0.23,1.13,300621
393,2023-04-07,9.79,9.76,9.89,9.65,19617,19166004.0,2.49,1.14,0.11,1.0,300621
394,2023-04-10,9.75,9.43,9.75,9.38,32293,30814481.0,3.79,-3.38,-0.33,1.65,300621
395,2023-04-11,9.5,9.51,9.58,9.27,29214,27611002.0,3.29,0.85,0.08,1.49,300621
396,2023-04-12,9.57,9.66,9.78,9.51,19285,18653136.0,2.84,1.58,0.15,0.98,300621
397,2023-04-13,9.69,9.81,9.98,9.52,25882,25410302.0,4.76,1.55,0.15,1.32,300621
398,2023-04-14,9.85,9.94,9.99,9.7,18895,18647422.0,2.96,1.33,0.13,0.96,300621
399,2023-04-17,9.91,10.12,10.2,9.8,25244,25507616.0,4.02,1.81,0.18,1.29,300621
400,2023-04-18,10.05,10.27,10.33,9.84,42258,43057567.0,4.84,1.48,0.15,2.16,300621
401,2023-04-19,10.3,10.32,10.51,10.13,31363,32407725.0,3.7,0.49,0.05,1.6,300621
402,2023-04-20,10.41,10.2,10.42,10.1,21149,21604227.0,3.1,-1.16,-0.12,1.08,300621
403,2023-04-21,10.18,9.98,10.3,9.96,22978,23183020.0,3.33,-2.16,-0.22,1.17,300621
404,2023-04-24,10.13,10.1,10.13,9.88,21246,21256948.0,2.51,1.2,0.12,1.08,300621
405,2023-04-25,10.07,9.9,10.09,9.7,25043,24612134.0,3.86,-1.98,-0.2,1.28,300621
406,2023-04-26,9.92,10.17,10.26,9.74,27652,27944791.0,5.25,2.73,0.27,1.41,300621
407,2023-04-27,10.18,10.25,10.4,9.94,24292,24853652.0,4.52,0.79,0.08,1.24,300621
408,2023-04-28,10.28,10.59,10.67,10.15,29015,30419166.0,5.07,3.32,0.34,1.48,300621
409,2023-05-04,10.53,10.45,10.64,10.38,33143,34782734.0,2.46,-1.32,-0.14,1.69,300621
410,2023-05-05,10.5,11.1,11.11,10.45,61424,66762516.0,6.32,6.22,0.65,3.14,300621
411,2023-05-08,10.91,10.46,11.04,10.41,70896,75110555.0,5.68,-5.77,-0.64,3.62,300621
412,2023-05-09,10.4,10.42,10.65,10.28,48592,50738960.0,3.54,-0.38,-0.04,2.48,300621
413,2023-05-10,10.4,10.43,10.65,10.27,24236,25302609.0,3.65,0.1,0.01,1.24,300621
414,2023-05-11,10.46,10.82,10.85,10.44,33373,35745174.0,3.93,3.74,0.39,1.7,300621
415,2023-05-12,10.81,10.43,10.81,10.4,20310,21318885.0,3.79,-3.6,-0.39,1.04,300621
416,2023-05-15,10.49,10.33,10.5,10.07,24821,25412806.0,4.12,-0.96,-0.1,1.27,300621
417,2023-05-16,10.4,10.09,10.45,10.03,18720,18916518.0,4.07,-2.32,-0.24,0.96,300621
418,2023-05-17,10.12,10.26,10.26,9.94,14120,14286272.0,3.17,1.68,0.17,0.72,300621
419,2023-05-18,10.27,10.18,10.31,10.1,14103,14355659.0,2.05,-0.78,-0.08,0.72,300621
420,2023-05-19,10.26,9.94,10.26,9.87,18090,18012735.0,3.83,-2.36,-0.24,0.92,300621
421,2023-05-22,9.99,10.05,10.06,9.92,12269,12280235.0,1.41,1.11,0.11,0.63,300621
422,2023-05-23,10.09,9.73,10.09,9.68,16523,16190666.0,4.08,-3.18,-0.32,0.84,300621
423,2023-05-24,9.77,9.64,9.83,9.58,14235,13738223.0,2.57,-0.92,-0.09,0.73,300621
424,2023-05-25,9.59,9.77,9.78,9.57,14305,13856699.0,2.18,1.35,0.13,0.73,300621
425,2023-05-26,9.84,9.8,9.86,9.62,11614,11331917.0,2.46,0.31,0.03,0.59,300621
426,2023-05-29,9.88,9.47,9.88,9.42,20029,19179789.0,4.69,-3.37,-0.33,1.02,300621
427,2023-05-30,9.59,9.63,9.7,9.41,13985,13411787.0,3.06,1.69,0.16,0.71,300621
428,2023-05-31,9.66,9.72,9.79,9.62,10178,9890655.0,1.77,0.93,0.09,0.52,300621
429,2023-06-01,9.68,9.62,9.74,9.43,16548,15947061.0,3.19,-1.03,-0.1,0.85,300621
430,2023-06-02,9.76,9.75,9.76,9.55,13505,13056967.0,2.18,1.35,0.13,0.69,300621
431,2023-06-05,9.75,9.85,9.86,9.66,16276,15889523.0,2.05,1.03,0.1,0.83,300621
432,2023-06-06,9.78,9.9,10.08,9.72,19987,19840585.0,3.65,0.51,0.05,1.02,300621
433,2023-06-07,9.85,9.89,10.02,9.77,20416,20116235.0,2.53,-0.1,-0.01,1.04,300621
434,2023-06-08,9.81,10.22,10.33,9.81,25668,26066005.0,5.26,3.34,0.33,1.31,300621
435,2023-06-09,10.22,10.08,10.25,10.03,17246,17414835.0,2.15,-1.37,-0.14,0.88,300621
436,2023-06-12,10.13,9.98,10.23,9.81,18565,18435131.0,4.17,-0.99,-0.1,0.95,300621
437,2023-06-13,10.03,9.96,10.07,9.88,10205,10154346.0,1.9,-0.2,-0.02,0.52,300621
438,2023-06-14,9.95,9.92,10.05,9.87,11140,11040645.0,1.81,-0.4,-0.04,0.57,300621
439,2023-06-15,9.94,9.82,9.94,9.71,16774,16400085.0,2.32,-1.01,-0.1,0.86,300621
440,2023-06-16,9.74,10.07,10.14,9.72,18774,18795571.0,4.28,2.55,0.25,0.96,300621
441,2023-06-19,10.07,9.85,10.16,9.81,13603,13466711.0,3.48,-2.18,-0.22,0.69,300621
442,2023-06-20,9.88,9.6,9.88,9.58,13102,12636726.0,3.05,-2.54,-0.25,0.67,300621
443,2023-06-21,9.57,9.52,9.74,9.5,10217,9796933.0,2.5,-0.83,-0.08,0.52,300621
444,2023-06-26,9.52,9.35,9.56,9.3,13521,12706311.0,2.73,-1.79,-0.17,0.69,300621
445,2023-06-27,9.4,9.7,9.7,9.32,16182,15506567.0,4.06,3.74,0.35,0.83,300621
446,2023-06-28,9.72,9.65,9.74,9.43,11245,10756772.0,3.2,-0.52,-0.05,0.57,300621
447,2023-06-29,9.78,9.86,9.88,9.66,13769,13494882.0,2.28,2.18,0.21,0.7,300621
448,2023-06-30,9.89,10.01,10.03,9.83,9822,9790078.0,2.03,1.52,0.15,0.5,300621
449,2023-07-03,10.03,10.14,10.23,9.99,13153,13330823.0,2.4,1.3,0.13,0.67,300621
450,2023-07-04,10.2,10.14,10.24,10.02,10212,10346309.0,2.17,0.0,0.0,0.52,300621
451,2023-07-05,10.13,10.15,10.29,10.12,11802,12034232.0,1.68,0.1,0.01,0.6,300621
452,2023-07-06,10.11,10.25,10.35,10.11,12754,13083791.0,2.36,0.99,0.1,0.65,300621
453,2023-07-07,10.19,10.25,10.37,10.19,8560,8793354.0,1.76,0.0,0.0,0.44,300621
454,2023-07-10,10.29,10.26,10.34,10.18,10107,10354970.0,1.56,0.1,0.01,0.52,300621
455,2023-07-11,10.27,10.28,10.34,10.16,9987,10252992.0,1.75,0.19,0.02,0.51,300621
456,2023-07-12,10.28,10.16,10.33,10.1,11802,12057738.0,2.24,-1.17,-0.12,0.6,300621
457,2023-07-13,10.25,10.32,10.39,10.18,12388,12749516.0,2.07,1.57,0.16,0.63,300621
458,2023-07-14,10.32,10.34,10.42,10.23,10362,10724510.0,1.84,0.19,0.02,0.53,300621
459,2023-07-17,10.34,10.21,10.37,10.1,12211,12436892.0,2.61,-1.26,-0.13,0.62,300621
460,2023-07-18,10.2,10.21,10.3,10.05,15022,15307228.0,2.45,0.0,0.0,0.77,300621
461,2023-07-19,10.21,10.3,10.39,10.17,16978,17474280.0,2.15,0.88,0.09,0.87,300621
462,2023-07-20,10.37,10.15,10.37,10.13,14849,15189141.0,2.33,-1.46,-0.15,0.76,300621
463,2023-07-21,10.29,10.14,10.3,10.06,13563,13746247.0,2.36,-0.1,-0.01,0.69,300621
464,2023-07-24,10.28,10.31,10.38,10.13,21422,21999162.0,2.47,1.68,0.17,1.09,300621
465,2023-07-25,10.37,11.02,11.22,10.32,75608,82480554.0,8.73,6.89,0.71,3.86,300621
466,2023-07-26,10.98,11.27,11.77,10.87,99201,111679603.0,8.17,2.27,0.25,5.07,300621
467,2023-07-27,11.13,11.47,11.96,10.88,125113,144355433.0,9.58,1.77,0.2,6.39,300621
468,2023-07-28,11.47,11.21,11.69,11.08,96742,108792002.0,5.32,-2.27,-0.26,4.94,300621
469,2023-07-31,11.31,11.26,11.5,11.18,61917,69972808.0,2.85,0.45,0.05,3.16,300621
470,2023-08-01,11.01,11.04,11.3,10.95,43992,48774193.0,3.11,-1.95,-0.22,2.25,300621
471,2023-08-02,11.03,10.95,11.25,10.92,40752,45098607.0,2.99,-0.82,-0.09,2.08,300621
472,2023-08-03,10.89,11.05,11.17,10.82,46756,51503621.0,3.2,0.91,0.1,2.39,300621
473,2023-08-04,11.05,11.1,11.3,10.83,35392,39203108.0,4.25,0.45,0.05,1.81,300621
474,2023-08-07,10.98,10.73,11.06,10.67,41006,44176548.0,3.51,-3.33,-0.37,2.09,300621
475,2023-08-08,10.71,10.76,10.93,10.71,23166,25040464.0,2.05,0.28,0.03,1.18,300621
476,2023-08-09,10.71,10.7,10.96,10.58,20802,22344641.0,3.53,-0.56,-0.06,1.06,300621
477,2023-08-10,10.68,10.62,10.88,10.55,18416,19575560.0,3.08,-0.75,-0.08,0.94,300621
478,2023-08-11,10.62,10.45,10.75,10.4,17222,18224240.0,3.3,-1.6,-0.17,0.88,300621
479,2023-08-14,10.39,10.56,10.59,10.2,19481,20310595.0,3.73,1.05,0.11,0.99,300621
480,2023-08-15,10.55,10.5,10.63,10.39,11756,12299892.0,2.27,-0.57,-0.06,0.6,300621
481,2023-08-16,10.46,10.5,10.64,10.39,16459,17295813.0,2.38,0.0,0.0,0.84,300621
482,2023-08-17,10.51,10.71,10.72,10.36,16447,17396128.0,3.43,2.0,0.21,0.84,300621
483,2023-08-18,10.63,10.62,10.85,10.58,14980,16022891.0,2.52,-0.84,-0.09,0.76,300621
