,日期,开盘,收盘,最高,最低,成交量,成交额,振幅,涨跌幅,涨跌额,换手率,stockCode
0,2021-06-30,5.2,5.1,5.22,5.06,32388,16615608.0,3.08,-1.92,-0.1,1.11,000691
1,2021-07-01,5.14,5.16,5.18,5.05,30619,15677540.0,2.55,1.18,0.06,1.05,000691
2,2021-07-02,5.16,5.17,5.25,5.1,39228,20341744.0,2.91,0.19,0.01,1.35,000691
3,2021-07-05,5.17,5.26,5.29,5.12,41006,21430432.0,3.29,1.74,0.09,1.41,000691
4,2021-07-06,5.26,5.26,5.28,5.2,33804,17718383.0,1.52,0.0,0.0,1.16,000691
5,2021-07-07,5.24,5.25,5.26,5.19,29295,15313289.0,1.33,-0.19,-0.01,1.01,000691
6,2021-07-08,5.24,5.11,5.24,5.03,58307,29798446.0,4.0,-2.67,-0.14,2.01,000691
7,2021-07-09,5.05,5.1,5.24,5.04,38504,19713984.0,3.91,-0.2,-0.01,1.33,000691
8,2021-07-12,5.13,5.07,5.2,5.06,35439,18165617.0,2.75,-0.59,-0.03,1.22,000691
9,2021-07-13,5.15,5.09,5.15,5.04,42895,21777558.0,2.17,0.39,0.02,1.48,000691
10,2021-07-14,5.07,4.98,5.11,4.95,63059,31656350.0,3.14,-2.16,-0.11,2.17,000691
11,2021-07-15,4.94,4.96,4.98,4.86,38976,19208824.0,2.41,-0.4,-0.02,1.34,000691
12,2021-07-16,4.96,4.96,5.06,4.95,38987,19480921.0,2.22,0.0,0.0,1.34,000691
13,2021-07-19,4.94,4.95,4.96,4.88,21270,10449853.0,1.61,-0.2,-0.01,0.73,000691
14,2021-07-20,4.9,4.94,5.04,4.81,41889,20560313.0,4.65,-0.2,-0.01,1.44,000691
15,2021-07-21,4.95,4.92,4.99,4.86,37884,18659925.0,2.63,-0.4,-0.02,1.3,000691
16,2021-07-22,4.94,5.03,5.07,4.87,40794,20344650.0,4.07,2.24,0.11,1.26,000691
17,2021-07-23,4.99,4.92,5.06,4.91,25623,12746263.0,2.98,-2.19,-0.11,0.79,000691
18,2021-07-26,4.94,4.76,4.94,4.68,45418,21744604.0,5.28,-3.25,-0.16,1.4,000691
19,2021-07-27,4.78,4.64,4.82,4.64,34940,16411968.0,3.78,-2.52,-0.12,1.08,000691
20,2021-07-28,4.65,4.44,4.68,4.41,41376,18613106.0,5.82,-4.31,-0.2,1.28,000691
21,2021-07-29,4.49,4.59,4.66,4.47,29569,13490265.0,4.28,3.38,0.15,0.91,000691
22,2021-07-30,4.53,4.59,4.65,4.53,21697,9967177.0,2.61,0.0,0.0,0.67,000691
23,2021-08-02,4.53,4.66,4.67,4.47,28002,12803579.0,4.36,1.53,0.07,0.87,000691
24,2021-08-03,4.6,4.62,4.72,4.6,22466,10481953.0,2.58,-0.86,-0.04,0.69,000691
25,2021-08-04,4.62,4.57,4.65,4.57,19954,9195857.0,1.73,-1.08,-0.05,0.62,000691
26,2021-08-05,4.58,4.48,4.58,4.47,22404,10106800.0,2.41,-1.97,-0.09,0.69,000691
27,2021-08-06,4.52,4.55,4.59,4.44,22829,10307677.0,3.35,1.56,0.07,0.71,000691
28,2021-08-09,4.55,4.61,4.62,4.53,20481,9388761.0,1.98,1.32,0.06,0.63,000691
29,2021-08-10,4.59,4.68,4.7,4.58,22924,10678920.0,2.6,1.52,0.07,0.71,000691
30,2021-08-11,4.68,4.63,4.72,4.6,39185,18160348.0,2.56,-1.07,-0.05,1.21,000691
31,2021-08-12,4.64,4.62,4.67,4.61,19763,9166054.0,1.3,-0.22,-0.01,0.61,000691
32,2021-08-13,4.63,4.67,4.71,4.55,38832,17938388.0,3.46,1.08,0.05,1.2,000691
33,2021-08-16,4.65,4.66,4.73,4.64,22558,10571511.0,1.93,-0.21,-0.01,0.7,000691
34,2021-08-17,4.65,4.61,4.67,4.54,36593,16818508.0,2.79,-1.07,-0.05,1.13,000691
35,2021-08-18,4.6,4.61,4.62,4.55,27230,12507200.0,1.52,0.0,0.0,0.84,000691
36,2021-08-19,4.57,4.63,4.66,4.57,19851,9149006.0,1.95,0.43,0.02,0.61,000691
37,2021-08-20,4.59,4.7,4.79,4.5,61877,28953396.0,6.26,1.51,0.07,1.91,000691
38,2021-08-23,4.67,4.8,4.95,4.66,86053,41377978.0,6.17,2.13,0.1,2.66,000691
39,2021-08-24,4.81,4.93,4.95,4.73,85162,41263523.0,4.58,2.71,0.13,2.63,000691
40,2021-08-25,4.9,4.9,4.94,4.85,33521,16398175.0,1.83,-0.61,-0.03,1.04,000691
41,2021-08-26,4.87,4.87,4.91,4.83,33111,16104646.0,1.63,-0.61,-0.03,1.02,000691
42,2021-08-27,4.87,4.84,4.91,4.8,32495,15743661.0,2.26,-0.62,-0.03,1.01,000691
43,2021-08-30,4.89,5.06,5.26,4.78,121619,61364043.0,9.92,4.55,0.22,3.76,000691
44,2021-08-31,5.1,4.96,5.1,4.94,79898,40014232.0,3.16,-1.98,-0.1,2.47,000691
45,2021-09-01,4.96,4.98,5.03,4.85,49912,24707164.0,3.63,0.4,0.02,1.54,000691
46,2021-09-02,4.95,4.92,5.0,4.91,32096,15875044.0,1.81,-1.2,-0.06,0.99,000691
47,2021-09-03,4.92,4.94,5.03,4.9,34549,17092043.0,2.64,0.41,0.02,1.07,000691
48,2021-09-06,4.9,4.88,4.96,4.85,48436,23624630.0,2.23,-1.21,-0.06,1.5,000691
49,2021-09-07,4.87,4.91,4.96,4.84,37897,18582079.0,2.46,0.61,0.03,1.17,000691
50,2021-09-08,4.92,5.0,5.0,4.91,41713,20679594.0,1.83,1.83,0.09,1.29,000691
51,2021-09-09,4.99,4.94,5.0,4.93,37395,18538491.0,1.4,-1.2,-0.06,1.16,000691
52,2021-09-10,4.94,4.87,4.98,4.83,38251,18724439.0,3.04,-1.42,-0.07,1.18,000691
53,2021-09-13,4.84,4.94,4.95,4.8,41989,20462847.0,3.08,1.44,0.07,1.3,000691
54,2021-09-14,4.97,4.87,5.01,4.85,37617,18522128.0,3.24,-1.42,-0.07,1.16,000691
55,2021-09-15,4.85,4.89,4.95,4.78,48930,23746955.0,3.49,0.41,0.02,1.51,000691
56,2021-09-16,4.92,4.98,5.18,4.87,162709,82147168.0,6.34,1.84,0.09,5.03,000691
57,2021-09-17,4.98,5.33,5.39,4.95,223807,117414823.0,8.84,7.03,0.35,6.92,000691
58,2021-09-22,5.2,5.29,5.34,5.14,107127,56214767.0,3.75,-0.75,-0.04,3.31,000691
59,2021-09-23,5.3,5.2,5.33,5.19,80774,42302054.0,2.65,-1.7,-0.09,2.5,000691
60,2021-09-24,5.22,5.15,5.25,5.07,54079,27785930.0,3.46,-0.96,-0.05,1.67,000691
61,2021-09-27,5.08,4.8,5.18,4.74,89646,43882301.0,8.54,-6.8,-0.35,2.77,000691
62,2021-09-28,4.79,4.81,4.86,4.66,52897,25108157.0,4.17,0.21,0.01,1.64,000691
63,2021-09-29,4.76,4.65,4.81,4.65,38138,17997916.0,3.33,-3.33,-0.16,1.18,000691
64,2021-09-30,4.7,4.72,4.78,4.65,20839,9796673.0,2.8,1.51,0.07,0.64,000691
65,2021-10-08,4.77,4.98,5.0,4.74,57814,28366171.0,5.51,5.51,0.26,1.79,000691
66,2021-10-11,4.98,5.0,5.05,4.87,58107,28784319.0,3.61,0.4,0.02,1.8,000691
67,2021-10-12,4.96,5.02,5.14,4.94,57764,29090956.0,4.0,0.4,0.02,1.79,000691
68,2021-10-13,5.0,5.08,5.15,4.98,51263,25997010.0,3.39,1.2,0.06,1.59,000691
69,2021-10-14,5.08,5.05,5.11,4.98,43191,21744359.0,2.56,-0.59,-0.03,1.34,000691
70,2021-10-15,5.0,4.97,5.08,4.95,40067,20071113.0,2.57,-1.58,-0.08,1.24,000691
71,2021-10-18,4.96,5.0,5.02,4.89,38135,18945058.0,2.62,0.6,0.03,1.18,000691
72,2021-10-19,4.9,4.93,5.0,4.9,24510,12112426.0,2.0,-1.4,-0.07,0.76,000691
73,2021-10-20,4.98,4.82,4.98,4.81,36829,17834348.0,3.45,-2.23,-0.11,1.14,000691
74,2021-10-21,4.87,4.78,4.87,4.76,24092,11559322.0,2.28,-0.83,-0.04,0.75,000691
75,2021-10-22,4.8,4.82,4.82,4.72,29063,13874906.0,2.09,0.84,0.04,0.9,000691
76,2021-10-25,4.8,4.73,4.82,4.72,23386,11122023.0,2.07,-1.87,-0.09,0.72,000691
77,2021-10-26,4.69,4.56,4.74,4.55,36998,17117469.0,4.02,-3.59,-0.17,1.14,000691
78,2021-10-27,4.59,4.6,4.61,4.49,46994,21343801.0,2.63,0.88,0.04,1.45,000691
79,2021-10-28,4.52,4.39,4.59,4.39,41831,18642146.0,4.35,-4.57,-0.21,1.29,000691
80,2021-10-29,4.4,4.48,4.49,4.29,31432,13816239.0,4.56,2.05,0.09,0.97,000691
81,2021-11-01,4.42,4.45,4.51,4.41,26359,11744943.0,2.23,-0.67,-0.03,0.82,000691
82,2021-11-02,4.46,4.39,4.5,4.3,38682,16914359.0,4.49,-1.35,-0.06,1.2,000691
83,2021-11-03,4.37,4.41,4.44,4.32,19371,8467284.0,2.73,0.46,0.02,0.6,000691
84,2021-11-04,4.41,4.43,4.47,4.4,17058,7558718.0,1.59,0.45,0.02,0.53,000691
85,2021-11-05,4.45,4.39,4.47,4.32,20616,9059509.0,3.39,-0.9,-0.04,0.64,000691
86,2021-11-08,4.41,4.4,4.42,4.36,23272,10220503.0,1.37,0.23,0.01,0.72,000691
87,2021-11-09,4.41,4.44,4.46,4.38,26882,11850758.0,1.82,0.91,0.04,0.83,000691
88,2021-11-10,4.45,4.53,4.54,4.41,30090,13433830.0,2.93,2.03,0.09,0.93,000691
89,2021-11-11,4.52,4.51,4.56,4.5,20332,9212323.0,1.32,-0.44,-0.02,0.63,000691
90,2021-11-12,4.53,4.51,4.53,4.46,20112,9045095.0,1.55,0.0,0.0,0.62,000691
91,2021-11-15,4.52,4.62,4.66,4.51,27680,12700898.0,3.33,2.44,0.11,0.86,000691
92,2021-11-16,4.57,4.57,4.66,4.57,22401,10290062.0,1.95,-1.08,-0.05,0.69,000691
93,2021-11-17,4.58,4.68,4.8,4.54,34517,16078502.0,5.69,2.41,0.11,1.07,000691
94,2021-11-18,4.69,4.6,4.69,4.58,21611,9989138.0,2.35,-1.71,-0.08,0.67,000691
95,2021-11-19,4.59,4.66,4.77,4.55,35311,16440860.0,4.78,1.3,0.06,1.09,000691
96,2021-11-22,4.65,4.6,4.66,4.53,35042,16072971.0,2.79,-1.29,-0.06,1.08,000691
97,2021-11-23,4.6,4.59,4.63,4.57,16991,7807509.0,1.3,-0.22,-0.01,0.53,000691
98,2021-11-24,4.59,4.61,4.62,4.56,17320,7948178.0,1.31,0.44,0.02,0.54,000691
99,2021-11-25,4.62,4.65,4.67,4.59,36979,17117935.0,1.74,0.87,0.04,1.14,000691
100,2021-11-26,4.63,4.62,4.64,4.55,22792,10456623.0,1.94,-0.65,-0.03,0.71,000691
101,2021-11-29,4.58,4.5,4.58,4.47,34996,15780505.0,2.38,-2.6,-0.12,1.08,000691
102,2021-11-30,4.53,4.59,4.59,4.49,27406,12481510.0,2.22,2.0,0.09,0.85,000691
103,2021-12-01,4.57,4.66,4.68,4.55,39382,18281384.0,2.83,1.53,0.07,1.22,000691
104,2021-12-02,4.66,4.61,4.74,4.61,28442,13257714.0,2.79,-1.07,-0.05,0.88,000691
105,2021-12-03,4.64,4.68,4.72,4.62,29232,13690922.0,2.17,1.52,0.07,0.9,000691
106,2021-12-06,4.65,4.58,4.7,4.56,29604,13687662.0,2.99,-2.14,-0.1,0.92,000691
107,2021-12-07,4.6,4.55,4.65,4.53,31462,14415268.0,2.62,-0.66,-0.03,0.97,000691
108,2021-12-08,4.58,4.51,4.59,4.5,32807,14824193.0,1.98,-0.88,-0.04,1.01,000691
109,2021-12-09,4.52,4.56,4.56,4.48,24191,10931636.0,1.77,1.11,0.05,0.75,000691
110,2021-12-10,4.56,4.57,4.6,4.51,27388,12501605.0,1.97,0.22,0.01,0.85,000691
111,2021-12-13,4.6,4.62,4.69,4.58,31999,14838920.0,2.41,1.09,0.05,0.99,000691
112,2021-12-14,4.62,4.57,4.62,4.54,32690,14936958.0,1.73,-1.08,-0.05,1.01,000691
113,2021-12-15,4.56,4.58,4.62,4.55,28234,12961183.0,1.53,0.22,0.01,0.87,000691
114,2021-12-16,4.59,4.67,4.68,4.58,41762,19374258.0,2.18,1.97,0.09,1.29,000691
115,2021-12-17,4.69,4.65,4.69,4.6,47387,22017870.0,1.93,-0.43,-0.02,1.47,000691
116,2021-12-20,4.64,4.68,4.73,4.64,59631,27920005.0,1.94,0.65,0.03,1.84,000691
117,2021-12-21,4.67,4.82,4.83,4.67,105512,50428029.0,3.42,2.99,0.14,3.26,000691
118,2021-12-22,4.87,4.74,4.88,4.73,70791,33741404.0,3.11,-1.66,-0.08,2.19,000691
119,2021-12-23,4.75,4.68,4.77,4.66,61918,29078004.0,2.32,-1.27,-0.06,1.92,000691
120,2021-12-24,4.69,4.58,4.7,4.56,66487,30686642.0,2.99,-2.14,-0.1,2.06,000691
121,2021-12-27,4.6,4.67,4.7,4.58,64774,30072574.0,2.62,1.97,0.09,2.0,000691
122,2021-12-28,4.69,4.69,4.71,4.63,45869,21421888.0,1.71,0.43,0.02,1.42,000691
123,2021-12-29,4.66,4.69,4.72,4.63,41159,19270964.0,1.92,0.0,0.0,1.27,000691
124,2021-12-30,4.69,4.72,4.75,4.67,34006,16050991.0,1.71,0.64,0.03,1.05,000691
125,2021-12-31,4.71,4.74,4.81,4.71,57401,27286543.0,2.12,0.42,0.02,1.78,000691
126,2022-01-04,4.76,4.82,4.88,4.73,107999,52129637.0,3.16,1.69,0.08,3.34,000691
127,2022-01-05,4.82,4.83,4.9,4.79,89138,43151573.0,2.28,0.21,0.01,2.76,000691
128,2022-01-06,4.82,4.88,4.97,4.82,64459,31545804.0,3.11,1.04,0.05,1.99,000691
129,2022-01-07,4.93,4.79,4.93,4.75,68912,33277218.0,3.69,-1.84,-0.09,2.13,000691
130,2022-01-10,4.78,4.87,4.9,4.74,58977,28574985.0,3.34,1.67,0.08,1.82,000691
131,2022-01-11,4.87,4.96,5.1,4.87,112321,56015897.0,4.72,1.85,0.09,3.47,000691
132,2022-01-12,5.1,5.07,5.17,4.98,130024,65801709.0,3.83,2.22,0.11,4.02,000691
133,2022-01-13,5.01,5.08,5.2,4.97,131975,67085721.0,4.54,0.2,0.01,4.08,000691
134,2022-01-14,5.1,4.97,5.14,4.9,90094,45075100.0,4.72,-2.17,-0.11,2.79,000691
135,2022-01-17,4.99,5.05,5.13,4.95,77325,39100169.0,3.62,1.61,0.08,2.39,000691
136,2022-01-18,5.05,4.87,5.1,4.81,102741,50477820.0,5.74,-3.56,-0.18,3.18,000691
137,2022-01-19,4.86,4.97,4.98,4.82,54423,26766445.0,3.29,2.05,0.1,1.68,000691
138,2022-01-20,5.0,4.78,5.03,4.75,68300,33080402.0,5.63,-3.82,-0.19,2.11,000691
139,2022-01-21,4.83,4.85,4.95,4.72,68650,33164421.0,4.81,1.46,0.07,2.12,000691
140,2022-01-24,4.85,4.73,4.85,4.65,36953,17564087.0,4.12,-2.47,-0.12,1.14,000691
141,2022-01-25,4.75,4.54,4.79,4.53,51008,23750499.0,5.5,-4.02,-0.19,1.58,000691
142,2022-01-26,4.55,4.63,4.67,4.54,42296,19490840.0,2.86,1.98,0.09,1.31,000691
143,2022-01-27,4.64,4.41,4.64,4.38,52332,23464777.0,5.62,-4.75,-0.22,1.62,000691
144,2022-01-28,4.43,4.6,4.68,4.41,44589,20265738.0,6.12,4.31,0.19,1.38,000691
145,2022-02-07,4.69,4.67,4.75,4.55,40281,18826763.0,4.35,1.52,0.07,1.25,000691
146,2022-02-08,4.66,4.87,4.87,4.64,54395,26129305.0,4.93,4.28,0.2,1.68,000691
147,2022-02-09,4.85,4.82,4.92,4.81,41821,20265017.0,2.26,-1.03,-0.05,1.29,000691
148,2022-02-10,4.83,4.79,4.84,4.72,38215,18245202.0,2.49,-0.62,-0.03,1.18,000691
149,2022-02-11,4.79,4.67,4.85,4.66,41651,19727870.0,3.97,-2.51,-0.12,1.29,000691
150,2022-02-14,4.65,4.71,4.78,4.64,39299,18551778.0,3.0,0.86,0.04,1.22,000691
151,2022-02-15,4.72,4.66,4.75,4.62,48591,22708942.0,2.76,-1.06,-0.05,1.5,000691
152,2022-02-16,4.68,4.82,4.84,4.68,55820,26694807.0,3.43,3.43,0.16,1.73,000691
153,2022-02-17,4.82,4.74,4.82,4.71,55062,26168725.0,2.28,-1.66,-0.08,1.7,000691
154,2022-02-18,4.72,4.81,4.83,4.67,48786,23202378.0,3.38,1.48,0.07,1.51,000691
155,2022-02-21,4.8,4.89,4.96,4.78,50751,24722575.0,3.74,1.66,0.08,1.57,000691
156,2022-02-22,4.88,4.82,4.91,4.77,43155,20860354.0,2.86,-1.43,-0.07,1.33,000691
157,2022-02-23,4.83,4.82,4.86,4.77,40316,19438187.0,1.87,0.0,0.0,1.25,000691
158,2022-02-24,4.8,4.7,4.86,4.65,71494,34050368.0,4.36,-2.49,-0.12,2.21,000691
159,2022-02-25,4.76,4.78,4.89,4.74,59436,28621771.0,3.19,1.7,0.08,1.84,000691
160,2022-02-28,4.78,4.75,4.82,4.68,39200,18604768.0,2.93,-0.63,-0.03,1.21,000691
161,2022-03-01,4.77,4.9,4.93,4.74,69039,33543198.0,4.0,3.16,0.15,2.14,000691
162,2022-03-02,4.86,4.97,5.01,4.84,68804,34061002.0,3.47,1.43,0.07,2.13,000691
163,2022-03-03,4.95,4.95,5.0,4.9,45306,22391761.0,2.01,-0.4,-0.02,1.4,000691
164,2022-03-04,4.92,4.85,4.95,4.82,38280,18658059.0,2.63,-2.02,-0.1,1.18,000691
165,2022-03-07,4.81,4.82,4.9,4.78,40314,19481951.0,2.47,-0.62,-0.03,1.25,000691
166,2022-03-08,4.83,4.69,4.86,4.66,48568,23024060.0,4.15,-2.7,-0.13,1.5,000691
167,2022-03-09,4.69,4.56,4.73,4.4,95426,43460252.0,7.04,-2.77,-0.13,2.95,000691
168,2022-03-10,4.64,4.63,4.77,4.62,63826,29960270.0,3.29,1.54,0.07,1.97,000691
169,2022-03-11,4.59,4.74,4.76,4.5,61861,28558818.0,5.62,2.38,0.11,1.91,000691
170,2022-03-14,4.74,4.7,4.84,4.7,57543,27374610.0,2.95,-0.84,-0.04,1.78,000691
171,2022-03-15,4.67,4.47,4.73,4.46,66781,30742331.0,5.74,-4.89,-0.23,2.07,000691
172,2022-03-16,4.55,4.62,4.66,4.43,61907,28251439.0,5.15,3.36,0.15,1.92,000691
173,2022-03-17,4.65,4.61,4.74,4.58,51748,24123766.0,3.46,-0.22,-0.01,1.6,000691
174,2022-03-18,4.56,5.07,5.07,4.55,125092,61259768.0,11.28,9.98,0.46,3.87,000691
175,2022-03-21,5.21,5.13,5.4,5.1,337998,175504334.0,5.92,1.18,0.06,10.46,000691
176,2022-03-22,5.21,5.14,5.28,5.05,219495,112965135.0,4.48,0.19,0.01,6.79,000691
177,2022-03-23,5.14,5.19,5.48,5.14,180163,94361145.0,6.61,0.97,0.05,5.57,000691
178,2022-03-24,5.12,5.03,5.25,5.02,114536,58648851.0,4.43,-3.08,-0.16,3.54,000691
179,2022-03-25,5.05,4.98,5.08,4.95,84170,42170514.0,2.58,-0.99,-0.05,2.6,000691
180,2022-03-28,5.02,5.03,5.09,4.91,85604,42878006.0,3.61,1.0,0.05,2.65,000691
181,2022-03-29,5.0,4.95,5.05,4.89,69678,34533589.0,3.18,-1.59,-0.08,2.16,000691
182,2022-03-30,4.95,5.08,5.11,4.85,102606,51624051.0,5.25,2.63,0.13,3.17,000691
183,2022-03-31,5.04,5.59,5.59,5.02,230427,122927995.0,11.22,10.04,0.51,7.13,000691
184,2022-04-01,5.57,5.38,5.57,5.2,367078,195268908.0,6.62,-3.76,-0.21,11.36,000691
185,2022-04-06,5.27,5.28,5.38,5.23,210729,111550539.0,2.79,-1.86,-0.1,6.52,000691
186,2022-04-07,5.25,5.07,5.25,5.06,137742,70536156.0,3.6,-3.98,-0.21,4.26,000691
187,2022-04-08,5.11,5.05,5.17,4.9,112191,56282412.0,5.33,-0.39,-0.02,3.47,000691
188,2022-04-11,5.03,5.06,5.2,4.95,126496,64458778.0,4.95,0.2,0.01,3.91,000691
189,2022-04-12,5.01,5.17,5.18,4.9,115341,58321648.0,5.53,2.17,0.11,3.57,000691
190,2022-04-13,5.15,5.05,5.17,5.0,86944,44093369.0,3.29,-2.32,-0.12,2.69,000691
191,2022-04-14,5.02,5.13,5.17,5.01,81311,41477365.0,3.17,1.58,0.08,2.52,000691
192,2022-04-15,5.11,4.8,5.13,4.72,126077,61736752.0,7.99,-6.43,-0.33,3.9,000691
193,2022-04-18,4.75,4.83,4.93,4.64,76799,36985903.0,6.04,0.63,0.03,2.38,000691
194,2022-04-19,4.83,4.88,4.93,4.79,69983,34038826.0,2.9,1.04,0.05,2.16,000691
195,2022-04-20,4.88,4.77,5.11,4.74,77267,37735937.0,7.58,-2.25,-0.11,2.39,000691
196,2022-04-21,4.77,4.54,4.79,4.51,93157,43013818.0,5.87,-4.82,-0.23,2.88,000691
197,2022-04-22,4.5,4.58,4.64,4.42,73482,33390329.0,4.85,0.88,0.04,2.27,000691
198,2022-04-25,4.47,4.12,4.52,4.12,112615,48088558.0,8.73,-10.04,-0.46,3.48,000691
199,2022-04-26,4.1,3.78,4.12,3.76,112257,44036696.0,8.74,-8.25,-0.34,3.47,000691
200,2022-04-27,3.75,4.0,4.11,3.63,133307,50947573.0,12.7,5.82,0.22,4.12,000691
201,2022-04-28,3.94,3.78,4.01,3.67,102563,39326116.0,8.5,-5.5,-0.22,3.17,000691
202,2022-04-29,3.78,3.98,4.02,3.78,66638,26235855.0,6.35,5.29,0.2,2.06,000691
203,2022-05-05,4.0,3.94,4.06,3.88,77381,30557671.0,4.52,-1.01,-0.04,2.39,000691
204,2022-05-06,3.88,3.86,3.88,3.78,82791,31712790.0,2.54,-2.03,-0.08,2.56,000691
205,2022-05-09,3.82,3.91,3.98,3.82,49931,19585659.0,4.15,1.3,0.05,1.54,000691
206,2022-05-10,3.89,3.98,3.99,3.84,44013,17283782.0,3.84,1.79,0.07,1.36,000691
207,2022-05-11,4.0,3.9,4.09,3.89,77909,31197864.0,5.03,-2.01,-0.08,2.41,000691
208,2022-05-12,3.86,3.89,3.96,3.82,65251,25400300.0,3.59,-0.26,-0.01,2.02,000691
209,2022-05-13,3.95,4.0,4.04,3.88,72648,28820703.0,4.11,2.83,0.11,2.25,000691
210,2022-05-16,4.0,4.02,4.11,3.99,60341,24327834.0,3.0,0.5,0.02,1.87,000691
211,2022-05-17,4.01,4.06,4.06,3.93,46858,18732098.0,3.23,1.0,0.04,1.45,000691
212,2022-05-18,4.06,4.13,4.17,4.01,59760,24576265.0,3.94,1.72,0.07,1.85,000691
213,2022-05-19,4.05,4.18,4.21,4.04,40054,16616232.0,4.12,1.21,0.05,1.24,000691
214,2022-05-20,4.2,4.15,4.23,4.12,57619,23984645.0,2.63,-0.72,-0.03,1.78,000691
215,2022-05-23,4.14,4.19,4.23,4.14,37762,15790816.0,2.17,0.96,0.04,1.17,000691
216,2022-05-24,4.19,3.97,4.22,3.92,64185,26118078.0,7.16,-5.25,-0.22,1.99,000691
217,2022-05-25,3.96,4.11,4.16,3.96,61384,25087635.0,5.04,3.53,0.14,1.9,000691
218,2022-05-26,4.11,4.11,4.13,4.02,40625,16584335.0,2.68,0.0,0.0,1.26,000691
219,2022-05-27,4.15,4.11,4.15,4.04,30084,12335293.0,2.68,0.0,0.0,0.93,000691
220,2022-05-30,4.13,4.16,4.17,4.07,57914,23893129.0,2.43,1.22,0.05,1.79,000691
221,2022-05-31,4.17,4.12,4.17,4.07,42059,17302285.0,2.4,-0.96,-0.04,1.3,000691
222,2022-06-01,4.1,4.13,4.18,4.06,42138,17389302.0,2.91,0.24,0.01,1.3,000691
223,2022-06-02,4.13,4.13,4.15,4.05,50582,20758052.0,2.42,0.0,0.0,1.56,000691
224,2022-06-06,4.11,4.18,4.19,4.1,52402,21819888.0,2.18,1.21,0.05,1.62,000691
225,2022-06-07,4.19,4.13,4.19,4.08,43701,17999167.0,2.63,-1.2,-0.05,1.35,000691
226,2022-06-08,4.15,4.14,4.17,4.0,65108,26596763.0,4.12,0.24,0.01,2.01,000691
227,2022-06-09,4.11,4.06,4.14,4.04,37401,15275795.0,2.42,-1.93,-0.08,1.16,000691
228,2022-06-10,4.02,4.1,4.14,4.02,52188,21394161.0,2.96,0.99,0.04,1.61,000691
229,2022-06-13,4.11,4.09,4.12,4.04,48325,19686919.0,1.95,-0.24,-0.01,1.49,000691
230,2022-06-14,4.06,4.07,4.08,3.95,57535,23109798.0,3.18,-0.49,-0.02,1.78,000691
231,2022-06-15,4.08,4.07,4.13,4.06,68553,28086099.0,1.72,0.0,0.0,2.12,000691
232,2022-06-16,4.06,4.09,4.13,4.05,52878,21631027.0,1.97,0.49,0.02,1.64,000691
233,2022-06-17,4.07,4.03,4.09,3.97,53973,21748155.0,2.93,-1.47,-0.06,1.67,000691
234,2022-06-20,4.05,4.16,4.17,4.05,70889,29209226.0,2.98,3.23,0.13,2.19,000691
235,2022-06-21,4.17,4.2,4.23,4.14,63689,26629031.0,2.16,0.96,0.04,1.97,000691
236,2022-06-22,4.2,4.14,4.21,4.11,46713,19401142.0,2.38,-1.43,-0.06,1.45,000691
237,2022-06-23,4.13,4.18,4.22,4.11,57404,23977354.0,2.66,0.97,0.04,1.78,000691
238,2022-06-24,4.2,4.2,4.24,4.17,51713,21737168.0,1.67,0.48,0.02,1.6,000691
239,2022-06-27,4.22,4.24,4.29,4.21,54380,23105704.0,1.9,0.95,0.04,1.68,000691
240,2022-06-28,4.25,4.35,4.39,4.22,66731,28881759.0,4.01,2.59,0.11,2.06,000691
241,2022-06-29,4.36,4.33,4.42,4.3,68163,29741897.0,2.76,-0.46,-0.02,2.11,000691
242,2022-06-30,4.37,4.34,4.39,4.31,59173,25802091.0,1.85,0.23,0.01,1.83,000691
243,2022-07-01,4.35,4.32,4.42,4.28,71100,30837913.0,3.23,-0.46,-0.02,2.2,000691
244,2022-07-04,4.3,4.27,4.35,4.23,58421,24919517.0,2.78,-1.16,-0.05,1.81,000691
245,2022-07-05,4.27,4.23,4.3,4.15,57250,24093088.0,3.51,-0.94,-0.04,1.77,000691
246,2022-07-06,4.22,4.2,4.26,4.16,67352,28332366.0,2.36,-0.71,-0.03,2.08,000691
247,2022-07-07,4.18,4.26,4.31,4.18,56832,24270727.0,3.1,1.43,0.06,1.76,000691
248,2022-07-08,4.2,4.27,4.31,4.17,66176,28151497.99,3.29,0.23,0.01,2.05,000691
249,2022-07-11,4.28,4.15,4.29,4.12,70468,29437036.95,3.98,-2.81,-0.12,2.18,000691
250,2022-07-12,4.17,4.07,4.18,4.06,56737,23242126.88,2.89,-1.93,-0.08,1.76,000691
251,2022-07-13,4.05,4.19,4.21,4.05,53394,22280318.09,3.93,2.95,0.12,1.65,000691
252,2022-07-14,4.24,4.1,4.24,4.1,38634,15950882.0,3.34,-2.15,-0.09,1.2,000691
253,2022-07-15,4.08,3.93,4.11,3.91,80447,31962110.0,4.88,-4.15,-0.17,2.49,000691
254,2022-07-18,3.93,4.17,4.18,3.93,97810,40244851.11,6.36,6.11,0.24,3.03,000691
255,2022-07-19,4.17,4.2,4.25,4.14,57657,24136451.68,2.64,0.72,0.03,1.78,000691
256,2022-07-20,4.2,4.17,4.23,4.15,46053,19278077.68,1.9,-0.71,-0.03,1.42,000691
257,2022-07-21,4.17,4.21,4.31,4.15,69883,29692998.5,3.84,0.96,0.04,2.16,000691
258,2022-07-22,4.22,4.21,4.29,4.18,40457,17088718.58,2.61,0.0,0.0,1.25,000691
259,2022-07-25,4.21,4.28,4.35,4.2,64371,27563750.0,3.56,1.66,0.07,1.99,000691
260,2022-07-26,4.29,4.36,4.38,4.27,61275,26604268.0,2.57,1.87,0.08,1.9,000691
261,2022-07-27,4.35,4.39,4.44,4.32,60027,26306370.36,2.75,0.69,0.03,1.86,000691
262,2022-07-28,4.39,4.35,4.43,4.32,37587,16391756.0,2.51,-0.91,-0.04,1.16,000691
263,2022-07-29,4.35,4.37,4.46,4.3,55919,24496569.0,3.68,0.46,0.02,1.73,000691
264,2022-08-01,4.34,4.41,4.48,4.34,48028,21246033.04,3.2,0.92,0.04,1.49,000691
265,2022-08-02,4.41,4.2,4.41,4.19,98744,41965661.5,4.99,-4.76,-0.21,3.05,000691
266,2022-08-03,4.21,4.62,4.62,4.21,397525,181167945.72,9.76,10.0,0.42,12.3,000691
267,2022-08-04,4.7,4.46,4.83,4.36,513738,231698339.02,10.17,-3.46,-0.16,15.89,000691
268,2022-08-05,4.42,4.35,4.47,4.28,245504,106942600.0,4.26,-2.47,-0.11,7.59,000691
269,2022-08-08,4.33,4.79,4.79,4.32,296388,140725917.62,10.8,10.11,0.44,9.17,000691
270,2022-08-09,4.76,4.58,4.91,4.55,499093,232093351.79,7.52,-4.38,-0.21,15.44,000691
271,2022-08-10,4.62,4.67,4.75,4.58,352213,164176136.64,3.71,1.97,0.09,10.9,000691
272,2022-08-11,4.7,4.73,4.83,4.61,325740,154702844.98,4.71,1.28,0.06,10.08,000691
273,2022-08-12,4.73,4.69,4.97,4.68,251584,120031330.16,6.13,-0.85,-0.04,7.78,000691
274,2022-08-15,4.69,4.78,4.81,4.62,207375,98233640.47,4.05,1.92,0.09,6.41,000691
275,2022-08-16,4.75,4.76,4.8,4.65,177407,83603734.99,3.14,-0.42,-0.02,5.49,000691
276,2022-08-17,4.74,4.68,4.85,4.66,146702,69499552.21,3.99,-1.68,-0.08,4.54,000691
277,2022-08-18,4.68,4.64,4.73,4.61,130826,60893848.96,2.56,-0.85,-0.04,4.05,000691
278,2022-08-19,4.65,4.7,4.92,4.63,195608,93658167.0,6.25,1.29,0.06,6.05,000691
279,2022-08-22,4.67,4.8,4.82,4.62,148452,70007605.0,4.26,2.13,0.1,4.59,000691
280,2022-08-23,4.79,4.83,4.96,4.74,136258,65837369.01,4.58,0.63,0.03,4.22,000691
281,2022-08-24,4.83,4.66,4.87,4.62,114836,53867465.0,5.18,-3.52,-0.17,3.55,000691
282,2022-08-25,4.64,4.61,4.71,4.47,122870,56205520.0,5.15,-1.07,-0.05,3.8,000691
283,2022-08-26,4.66,4.78,4.9,4.65,180476,86470782.5,5.42,3.69,0.17,5.58,000691
284,2022-08-29,4.79,4.8,4.85,4.63,139939,66785424.5,4.6,0.42,0.02,4.33,000691
285,2022-08-30,4.84,4.82,4.97,4.76,142900,69291837.54,4.38,0.42,0.02,4.42,000691
286,2022-08-31,4.85,4.9,5.04,4.74,212778,104433421.0,6.22,1.66,0.08,6.58,000691
287,2022-09-01,4.87,4.72,4.9,4.68,130771,62218846.6,4.49,-3.67,-0.18,4.05,000691
288,2022-09-02,4.72,4.76,4.8,4.65,99945,47381776.76,3.18,0.85,0.04,3.09,000691
289,2022-09-05,4.79,4.8,4.9,4.73,85315,40961053.0,3.57,0.84,0.04,2.64,000691
290,2022-09-06,4.8,4.92,4.97,4.78,121058,58996742.0,3.96,2.5,0.12,3.74,000691
291,2022-09-07,4.94,4.9,4.95,4.84,88561,43268953.0,2.24,-0.41,-0.02,2.74,000691
292,2022-09-08,4.93,4.95,5.04,4.84,134892,66692025.0,4.08,1.02,0.05,4.17,000691
293,2022-09-09,4.96,4.84,4.96,4.79,91799,44390241.9,3.43,-2.22,-0.11,2.84,000691
294,2022-09-13,4.84,4.79,5.0,4.75,141105,68315310.0,5.17,-1.03,-0.05,4.36,000691
295,2022-09-14,4.7,4.83,4.87,4.66,132619,63782909.18,4.38,0.84,0.04,4.1,000691
296,2022-09-15,4.87,4.68,4.92,4.57,110590,52101457.0,7.25,-3.11,-0.15,3.42,000691
297,2022-09-16,4.71,4.54,4.71,4.54,80671,37346374.46,3.63,-2.99,-0.14,2.5,000691
298,2022-09-19,4.59,4.45,4.59,4.36,103464,45787493.89,5.07,-1.98,-0.09,3.2,000691
299,2022-09-20,4.48,4.61,4.72,4.45,120469,55542490.68,6.07,3.6,0.16,3.73,000691
300,2022-09-21,4.64,4.69,4.71,4.47,100336,46371467.77,5.21,1.74,0.08,3.1,000691
301,2022-09-22,4.68,4.68,4.77,4.4,80394,37678188.0,7.89,-0.21,-0.01,2.49,000691
302,2022-09-23,4.68,4.58,4.71,4.52,81835,37676512.05,4.06,-2.14,-0.1,2.53,000691
303,2022-09-26,4.58,4.41,4.62,4.37,81064,36130095.0,5.46,-3.71,-0.17,2.51,000691
304,2022-09-27,4.45,4.57,4.63,4.42,92796,41865318.61,4.76,3.63,0.16,2.87,000691
305,2022-09-28,4.51,4.45,4.59,4.38,86219,38482916.0,4.6,-2.63,-0.12,2.67,000691
306,2022-09-29,4.45,4.22,4.49,4.15,96531,41633448.0,7.64,-5.17,-0.23,2.99,000691
307,2022-09-30,4.25,4.28,4.43,4.12,114914,48933446.05,7.35,1.42,0.06,3.55,000691
308,2022-10-10,4.2,4.17,4.35,4.14,62884,26675630.0,4.91,-2.57,-0.11,1.95,000691
309,2022-10-11,4.17,4.12,4.2,4.06,62158,25575093.0,3.36,-1.2,-0.05,1.92,000691
310,2022-10-12,4.12,4.27,4.28,4.04,101897,42567064.8,5.83,3.64,0.15,3.15,000691
311,2022-10-13,4.25,4.3,4.32,4.21,57361,24475528.9,2.58,0.7,0.03,1.77,000691
312,2022-10-14,4.32,4.3,4.37,4.28,58096,25066148.4,2.09,0.0,0.0,1.8,000691
313,2022-10-17,4.29,4.39,4.4,4.23,59085,25728718.85,3.95,2.09,0.09,1.83,000691
314,2022-10-18,4.4,4.38,4.44,4.35,39336,17267572.35,2.05,-0.23,-0.01,1.22,000691
315,2022-10-19,4.42,4.37,4.43,4.28,42871,18668456.0,3.42,-0.23,-0.01,1.33,000691
316,2022-10-20,4.35,4.35,4.4,4.3,32270,14049991.0,2.29,-0.46,-0.02,1.0,000691
317,2022-10-21,4.38,4.39,4.43,4.32,40967,17987987.9,2.53,0.92,0.04,1.27,000691
318,2022-10-24,4.4,4.24,4.42,4.21,49129,21152237.0,4.78,-3.42,-0.15,1.52,000691
319,2022-10-25,4.25,4.17,4.25,4.07,50600,21010028.0,4.25,-1.65,-0.07,1.57,000691
320,2022-10-26,4.22,4.38,4.58,4.22,124602,54068087.85,8.63,5.04,0.21,3.85,000691
321,2022-10-27,4.34,4.46,4.57,4.32,114157,51225239.85,5.71,1.83,0.08,3.53,000691
322,2022-10-28,4.44,4.25,4.44,4.24,80025,34558905.28,4.48,-4.71,-0.21,2.48,000691
323,2022-10-31,4.12,4.33,4.41,4.04,82065,35497613.24,8.71,1.88,0.08,2.54,000691
324,2022-11-01,4.39,4.44,4.46,4.31,62739,27512305.33,3.46,2.54,0.11,1.94,000691
325,2022-11-02,4.43,4.47,4.53,4.38,49076,21979709.45,3.38,0.68,0.03,1.52,000691
326,2022-11-03,4.47,4.52,4.56,4.42,51961,23307280.0,3.13,1.12,0.05,1.61,000691
327,2022-11-04,4.54,4.52,4.57,4.48,41580,18787420.0,1.99,0.0,0.0,1.29,000691
328,2022-11-07,4.56,4.59,4.59,4.48,57154,25967114.0,2.43,1.55,0.07,1.77,000691
329,2022-11-08,4.59,4.59,4.6,4.52,32770,14942788.75,1.74,0.0,0.0,1.01,000691
330,2022-11-09,4.65,4.59,4.68,4.57,51169,23568233.41,2.4,0.0,0.0,1.58,000691
331,2022-11-10,4.45,4.55,4.62,4.45,55303,25273094.6,3.7,-0.87,-0.04,1.71,000691
332,2022-11-11,4.61,4.59,4.72,4.59,80245,37263613.0,2.86,0.88,0.04,2.48,000691
333,2022-11-14,4.65,4.6,4.68,4.56,78835,36453797.0,2.61,0.22,0.01,2.44,000691
334,2022-11-15,4.63,4.62,4.74,4.55,90564,42125617.13,4.13,0.43,0.02,2.8,000691
335,2022-11-16,4.62,4.63,4.69,4.59,54877,25458549.09,2.16,0.22,0.01,1.7,000691
336,2022-11-17,4.64,4.71,4.8,4.6,105189,49546112.05,4.32,1.73,0.08,3.25,000691
337,2022-11-18,4.7,4.73,4.83,4.7,69216,32994779.0,2.76,0.42,0.02,2.14,000691
338,2022-11-21,4.73,4.68,4.74,4.62,64398,30105511.53,2.54,-1.06,-0.05,1.99,000691
339,2022-11-22,4.74,4.64,4.8,4.6,71614,33533688.25,4.27,-0.85,-0.04,2.22,000691
340,2022-11-23,4.61,4.58,4.68,4.49,69136,31558285.1,4.09,-1.29,-0.06,2.14,000691
341,2022-11-24,4.5,4.72,4.98,4.5,201228,95531164.0,10.48,3.06,0.14,6.22,000691
342,2022-11-25,4.74,4.66,4.84,4.65,127497,60313111.0,4.03,-1.27,-0.06,3.94,000691
343,2022-11-28,4.54,4.68,4.81,4.51,150300,70225718.39,6.44,0.43,0.02,4.65,000691
344,2022-11-29,4.69,4.77,4.79,4.63,110590,52446019.25,3.42,1.92,0.09,3.42,000691
345,2022-11-30,4.77,4.78,4.87,4.72,82278,39412201.94,3.14,0.21,0.01,2.55,000691
346,2022-12-01,4.78,4.75,4.88,4.72,82766,39554925.0,3.35,-0.63,-0.03,2.56,000691
347,2022-12-02,4.8,4.83,4.87,4.68,99864,47889746.0,4.0,1.68,0.08,3.09,000691
348,2022-12-05,4.83,4.85,4.95,4.83,80336,39216926.0,2.48,0.41,0.02,2.49,000691
349,2022-12-06,4.82,4.81,4.86,4.75,72301,34661865.75,2.27,-0.82,-0.04,2.24,000691
350,2022-12-07,4.82,4.83,4.88,4.72,76698,36821661.8,3.33,0.42,0.02,2.37,000691
351,2022-12-08,4.84,4.91,4.96,4.75,76286,37110013.0,4.35,1.66,0.08,2.36,000691
352,2022-12-09,4.96,4.83,4.96,4.81,56587,27541687.0,3.05,-1.63,-0.08,1.75,000691
353,2022-12-12,4.83,4.78,4.98,4.75,89267,43112575.25,4.76,-1.04,-0.05,2.76,000691
354,2022-12-13,4.82,4.89,4.99,4.79,89228,43671241.65,4.18,2.3,0.11,2.76,000691
355,2022-12-14,4.89,4.87,4.96,4.83,70969,34764016.76,2.66,-0.41,-0.02,2.2,000691
356,2022-12-15,4.91,4.87,4.91,4.78,66775,32360979.15,2.67,0.0,0.0,2.07,000691
357,2022-12-16,4.84,4.87,4.98,4.78,99992,48838548.86,4.11,0.0,0.0,3.09,000691
358,2022-12-19,4.87,4.69,4.92,4.6,99057,46946749.0,6.57,-3.7,-0.18,3.06,000691
359,2022-12-20,4.7,4.77,4.83,4.63,79181,37633512.95,4.26,1.71,0.08,2.45,000691
360,2022-12-21,4.77,4.71,4.81,4.68,59941,28329636.8,2.73,-1.26,-0.06,1.85,000691
361,2022-12-22,4.71,4.69,4.9,4.68,85641,40926447.0,4.67,-0.42,-0.02,2.65,000691
362,2022-12-23,4.65,4.75,4.83,4.61,89415,42366998.0,4.69,1.28,0.06,2.77,000691
363,2022-12-26,4.77,4.73,4.83,4.68,81293,38539073.28,3.16,-0.42,-0.02,2.51,000691
364,2022-12-27,4.74,4.63,4.76,4.6,74077,34434626.0,3.38,-2.11,-0.1,2.29,000691
365,2022-12-28,4.65,4.51,4.71,4.43,96421,43505797.0,6.05,-2.59,-0.12,2.98,000691
366,2022-12-29,4.5,4.43,4.5,4.43,49311,21998396.36,1.55,-1.77,-0.08,1.53,000691
367,2022-12-30,4.46,4.54,4.57,4.41,71669,32336268.0,3.61,2.48,0.11,2.22,000691
368,2023-01-03,4.54,4.66,4.7,4.46,83534,38602205.0,5.29,2.64,0.12,2.58,000691
369,2023-01-04,4.66,5.13,5.13,4.66,97762,49364433.13,10.09,10.09,0.47,3.02,000691
370,2023-01-05,5.2,4.92,5.21,4.87,443671,220116971.89,6.63,-4.09,-0.21,13.72,000691
371,2023-01-06,4.93,4.91,5.0,4.83,205021,100126716.99,3.46,-0.2,-0.01,6.34,000691
372,2023-01-09,4.9,4.87,4.9,4.81,142505,69059686.88,1.83,-0.81,-0.04,4.41,000691
373,2023-01-10,4.88,4.8,4.88,4.76,87479,41882118.39,2.46,-1.44,-0.07,2.71,000691
374,2023-01-11,4.8,4.72,4.83,4.72,94772,45201916.37,2.29,-1.67,-0.08,2.93,000691
375,2023-01-12,4.73,4.74,4.78,4.66,81510,38603154.0,2.54,0.42,0.02,2.52,000691
376,2023-01-13,4.75,4.87,5.13,4.71,217774,106466022.95,8.86,2.74,0.13,6.74,000691
377,2023-01-16,4.82,4.82,4.89,4.76,119647,57525319.0,2.67,-1.03,-0.05,3.7,000691
378,2023-01-17,4.82,4.78,4.84,4.73,68056,32484418.0,2.28,-0.83,-0.04,2.11,000691
379,2023-01-18,4.79,4.9,5.12,4.77,195069,96006956.85,7.32,2.51,0.12,6.03,000691
380,2023-01-19,4.91,5.01,5.07,4.87,190866,95240886.35,4.08,2.24,0.11,5.9,000691
381,2023-01-20,5.02,4.98,5.1,4.93,116793,58402241.02,3.39,-0.6,-0.03,3.61,000691
382,2023-01-30,5.03,5.05,5.08,4.96,101066,50693578.0,2.41,1.41,0.07,3.13,000691
383,2023-01-31,4.98,5.04,5.06,4.92,73713,36787995.0,2.77,-0.2,-0.01,2.28,000691
384,2023-02-01,5.04,5.18,5.23,5.04,125521,64768654.11,3.77,2.78,0.14,3.88,000691
385,2023-02-02,5.16,5.15,5.24,5.1,74553,38380025.0,2.7,-0.58,-0.03,2.31,000691
386,2023-02-03,5.15,5.13,5.22,5.08,57867,29758695.4,2.72,-0.39,-0.02,1.79,000691
387,2023-02-06,5.13,5.12,5.17,5.07,46733,23910444.0,1.95,-0.19,-0.01,1.45,000691
388,2023-02-07,5.17,5.19,5.3,5.11,74100,38274680.0,3.71,1.37,0.07,2.29,000691
389,2023-02-08,5.2,5.18,5.26,5.15,52472,27192854.17,2.12,-0.19,-0.01,1.62,000691
390,2023-02-09,5.13,5.22,5.23,5.1,52453,27287184.0,2.51,0.77,0.04,1.62,000691
391,2023-02-10,5.24,5.22,5.29,5.19,45746,23946074.98,1.92,0.0,0.0,1.42,000691
392,2023-02-13,5.24,5.17,5.25,5.15,71819,37146008.0,1.92,-0.96,-0.05,2.22,000691
393,2023-02-14,5.2,5.16,5.23,5.13,60025,31038261.0,1.93,-0.19,-0.01,1.86,000691
394,2023-02-15,5.15,5.11,5.19,5.09,55656,28525163.0,1.94,-0.97,-0.05,1.72,000691
395,2023-02-16,5.14,5.01,5.18,4.96,89662,45638466.0,4.31,-1.96,-0.1,2.77,000691
396,2023-02-17,5.01,5.02,5.1,4.98,59256,29875086.0,2.4,0.2,0.01,1.83,000691
397,2023-02-20,5.02,5.06,5.09,4.94,71879,36043759.0,2.99,0.8,0.04,2.22,000691
398,2023-02-21,5.08,5.05,5.12,4.98,54929,27719470.04,2.77,-0.2,-0.01,1.7,000691
399,2023-02-22,5.05,4.95,5.06,4.93,48926,24344229.96,2.57,-1.98,-0.1,1.51,000691
400,2023-02-23,4.97,5.03,5.07,4.95,71360,35812444.0,2.42,1.62,0.08,2.21,000691
401,2023-02-24,5.06,5.05,5.11,4.97,47649,23927613.0,2.78,0.4,0.02,1.47,000691
402,2023-02-27,5.08,4.95,5.09,4.9,51065,25340219.0,3.76,-1.98,-0.1,1.58,000691
403,2023-02-28,4.97,5.06,5.07,4.95,56722,28374901.02,2.42,2.22,0.11,1.75,000691
404,2023-03-01,5.13,5.06,5.16,5.01,56376,28543191.04,2.96,0.0,0.0,1.74,000691
405,2023-03-02,5.08,5.01,5.1,5.01,42312,21325132.0,1.78,-0.99,-0.05,1.31,000691
406,2023-03-03,5.03,5.03,5.04,4.94,49082,24537185.0,2.0,0.4,0.02,1.52,000691
407,2023-03-06,5.03,5.05,5.07,4.97,51293,25792918.98,1.99,0.4,0.02,1.59,000691
408,2023-03-07,5.06,4.91,5.06,4.91,63757,31691183.0,2.97,-2.77,-0.14,1.97,000691
409,2023-03-08,4.89,4.92,4.94,4.89,40193,19767631.0,1.02,0.2,0.01,1.24,000691
410,2023-03-09,4.92,4.9,4.96,4.87,36827,18083274.0,1.83,-0.41,-0.02,1.14,000691
411,2023-03-10,4.88,4.8,4.92,4.8,41506,20090313.0,2.45,-2.04,-0.1,1.28,000691
412,2023-03-13,4.83,4.78,4.86,4.73,48112,23028331.8,2.71,-0.42,-0.02,1.49,000691
413,2023-03-14,4.83,4.72,4.83,4.67,49793,23535592.0,3.35,-1.26,-0.06,1.54,000691
414,2023-03-15,4.73,4.79,4.86,4.7,63271,30331975.0,3.39,1.48,0.07,1.96,000691
415,2023-03-16,4.79,4.69,4.8,4.68,52040,24632548.0,2.51,-2.09,-0.1,1.61,000691
416,2023-03-17,4.71,4.7,4.8,4.68,60966,28930620.76,2.56,0.21,0.01,1.89,000691
417,2023-03-20,4.75,4.72,4.75,4.67,52790,24903335.0,1.7,0.43,0.02,1.63,000691
418,2023-03-21,4.72,4.83,4.85,4.69,58876,28262247.9,3.39,2.33,0.11,1.82,000691
419,2023-03-22,4.85,4.93,4.96,4.8,71269,34943245.0,3.31,2.07,0.1,2.2,000691
420,2023-03-23,4.91,4.86,4.93,4.82,48859,23761262.0,2.23,-1.42,-0.07,1.51,000691
421,2023-03-24,4.86,4.85,4.92,4.81,52381,25423998.66,2.26,-0.21,-0.01,1.62,000691
422,2023-03-27,4.85,4.81,4.88,4.75,46570,22380426.0,2.68,-0.82,-0.04,1.44,000691
423,2023-03-28,4.83,4.75,4.83,4.73,28735,13686466.0,2.08,-1.25,-0.06,0.89,000691
424,2023-03-29,4.75,4.67,4.76,4.64,58559,27370837.5,2.53,-1.68,-0.08,1.81,000691
425,2023-03-30,4.7,4.56,4.7,4.52,42785,19588154.0,3.85,-2.36,-0.11,1.32,000691
426,2023-03-31,4.57,4.56,4.64,4.51,42442,19468843.56,2.85,0.0,0.0,1.31,000691
427,2023-04-03,4.61,4.58,4.68,4.57,49285,22725959.0,2.41,0.44,0.02,1.52,000691
428,2023-04-04,4.56,4.51,4.6,4.48,68394,30934238.59,2.62,-1.53,-0.07,2.12,000691
429,2023-04-06,4.5,4.46,4.51,4.42,41073,18324253.0,2.0,-1.11,-0.05,1.27,000691
430,2023-04-07,4.46,4.54,4.57,4.46,50880,23014068.0,2.47,1.79,0.08,1.57,000691
431,2023-04-10,4.53,4.34,4.54,4.31,93091,40690138.66,5.07,-4.41,-0.2,2.88,000691
432,2023-04-11,4.36,4.36,4.39,4.29,66843,29006521.0,2.3,0.46,0.02,2.07,000691
433,2023-04-12,4.36,4.42,4.43,4.32,62485,27394469.0,2.52,1.38,0.06,1.93,000691
434,2023-04-13,4.43,4.38,4.46,4.36,49785,21923219.0,2.26,-0.9,-0.04,1.54,000691
435,2023-04-14,4.38,4.39,4.45,4.37,48928,21565361.0,1.83,0.23,0.01,1.51,000691
436,2023-04-17,4.38,4.36,4.42,4.34,38099,16652587.0,1.82,-0.68,-0.03,1.18,000691
437,2023-04-18,4.36,4.31,4.37,4.3,48686,21059210.0,1.61,-1.15,-0.05,1.51,000691
438,2023-04-19,4.34,4.26,4.35,4.25,29356,12574716.3,2.32,-1.16,-0.05,0.91,000691
439,2023-04-20,4.25,4.19,4.29,4.14,48028,20076563.0,3.52,-1.64,-0.07,1.49,000691
440,2023-04-21,4.18,4.17,4.23,4.07,71673,29634433.23,3.82,-0.48,-0.02,2.22,000691
441,2023-04-24,4.11,4.07,4.13,3.96,116426,46968086.0,4.08,-2.4,-0.1,3.6,000691
442,2023-04-25,4.12,3.92,4.12,3.83,102768,40380048.0,7.13,-3.69,-0.15,3.18,000691
443,2023-04-26,3.85,4.08,4.09,3.85,93443,37577498.0,6.12,4.08,0.16,2.89,000691
444,2023-04-27,4.04,4.13,4.23,4.03,72832,30111076.0,4.9,1.23,0.05,2.25,000691
445,2023-04-28,4.14,4.25,4.3,4.12,72092,30568804.28,4.36,2.91,0.12,2.23,000691
446,2023-05-04,4.28,4.3,4.32,4.2,98861,42394840.0,2.82,1.18,0.05,3.06,000691
447,2023-05-05,4.33,4.38,4.42,4.28,73691,31935702.96,3.26,1.86,0.08,2.28,000691
448,2023-05-08,4.36,4.26,4.39,4.22,79204,33909707.02,3.88,-2.74,-0.12,2.45,000691
449,2023-05-09,4.2,4.18,4.26,4.17,69555,29248044.0,2.11,-1.88,-0.08,2.15,000691
450,2023-05-10,4.18,4.24,4.29,4.14,74327,31450382.99,3.59,1.44,0.06,2.3,000691
451,2023-05-11,4.23,4.3,4.31,4.21,52119,22276642.29,2.36,1.42,0.06,1.61,000691
452,2023-05-12,4.28,4.19,4.29,4.16,51055,21535435.22,3.02,-2.56,-0.11,1.58,000691
453,2023-05-15,4.19,4.24,4.24,4.13,56215,23494448.0,2.63,1.19,0.05,1.74,000691
454,2023-05-16,4.24,4.16,4.25,4.13,51397,21457088.0,2.83,-1.89,-0.08,1.59,000691
455,2023-05-17,4.14,4.28,4.31,4.14,50569,21402667.0,4.09,2.88,0.12,1.56,000691
456,2023-05-18,4.35,4.27,4.35,4.23,41971,17919995.53,2.8,-0.23,-0.01,1.3,000691
457,2023-05-19,4.3,4.2,4.3,4.17,52989,22277348.34,3.04,-1.64,-0.07,1.64,000691
458,2023-05-22,4.24,4.26,4.28,4.15,40748,17229049.0,3.1,1.43,0.06,1.26,000691
459,2023-05-23,4.26,4.23,4.29,4.19,37051,15688676.0,2.35,-0.7,-0.03,1.15,000691
460,2023-05-24,4.22,4.21,4.23,4.16,37961,15954923.8,1.65,-0.47,-0.02,1.17,000691
461,2023-05-25,4.17,4.22,4.22,4.12,59804,24928533.0,2.38,0.24,0.01,1.85,000691
462,2023-05-26,4.22,4.19,4.24,4.1,48542,20196071.0,3.32,-0.71,-0.03,1.5,000691
463,2023-05-29,4.21,4.1,4.22,4.09,42390,17530765.0,3.1,-2.15,-0.09,1.31,000691
464,2023-05-30,4.13,4.15,4.17,4.07,49283,20307553.85,2.44,1.22,0.05,1.52,000691
465,2023-05-31,4.13,4.09,4.17,4.08,33939,13968356.0,2.17,-1.45,-0.06,1.05,000691
466,2023-06-01,4.11,4.09,4.14,4.02,48116,19638572.12,2.93,0.0,0.0,1.49,000691
467,2023-06-02,4.09,4.14,4.16,4.08,51593,21220978.0,1.96,1.22,0.05,1.6,000691
468,2023-06-05,4.17,4.2,4.21,4.11,57241,23916420.0,2.42,1.45,0.06,1.77,000691
469,2023-06-06,4.2,4.08,4.22,4.06,42579,17542700.0,3.81,-2.86,-0.12,1.32,000691
470,2023-06-07,4.08,4.15,4.15,4.07,42718,17625763.9,1.96,1.72,0.07,1.32,000691
471,2023-06-08,4.15,4.12,4.16,4.1,34486,14242588.56,1.45,-0.72,-0.03,1.07,000691
472,2023-06-09,4.14,4.03,4.14,4.02,48327,19685186.0,2.91,-2.18,-0.09,1.49,000691
473,2023-06-12,4.05,4.13,4.16,3.95,69734,28290787.04,5.21,2.48,0.1,2.16,000691
474,2023-06-13,4.11,4.16,4.18,4.1,31254,12985388.0,1.94,0.73,0.03,0.97,000691
475,2023-06-14,4.16,4.13,4.18,4.09,34290,14179824.14,2.16,-0.72,-0.03,1.06,000691
476,2023-06-15,4.14,4.13,4.19,4.09,40009,16509512.59,2.42,0.0,0.0,1.24,000691
477,2023-06-16,4.14,4.13,4.22,4.1,40453,16846958.0,2.91,0.0,0.0,1.25,000691
478,2023-06-19,4.13,4.06,4.16,4.05,41512,16998669.0,2.66,-1.69,-0.07,1.28,000691
479,2023-06-20,4.07,3.98,4.08,3.97,44148,17666853.0,2.71,-1.97,-0.08,1.37,000691
480,2023-06-21,4.0,3.96,4.05,3.95,39500,15734501.0,2.51,-0.5,-0.02,1.22,000691
481,2023-06-26,3.93,4.36,4.36,3.92,117897,50691933.87,11.11,10.1,0.4,3.65,000691
