,日期,开盘,收盘,最高,最低,成交量,成交额,振幅,涨跌幅,涨跌额,换手率,stockCode
0,2021-12-07,25.94,23.64,27.44,22.28,338547,841618784.0,41.92,92.04,11.33,69.14,301126
1,2021-12-08,21.94,23.94,25.3,21.94,238021,574721584.0,14.21,1.27,0.3,48.61,301126
2,2021-12-09,24.19,22.94,24.21,22.04,216039,500242832.0,9.06,-4.18,-1.0,44.12,301126
3,2021-12-10,22.24,21.69,22.86,21.45,188218,414967200.0,6.15,-5.45,-1.25,38.44,301126
4,2021-12-13,21.79,22.44,22.94,21.31,177723,393610864.0,7.51,3.46,0.75,36.3,301126
5,2021-12-14,22.48,26.94,26.94,22.48,270231,664923280.0,19.88,20.05,4.5,55.19,301126
6,2021-12-15,26.62,25.44,30.6,25.43,330531,916020784.0,19.19,-5.57,-1.5,67.51,301126
7,2021-12-16,24.98,25.59,26.52,24.01,219055,546482416.0,9.87,0.59,0.15,44.74,301126
8,2021-12-17,24.95,23.82,25.08,23.82,161972,396802672.0,4.92,-6.92,-1.77,33.08,301126
9,2021-12-20,23.29,23.48,24.89,23.29,124856,302740480.0,6.72,-1.43,-0.34,25.5,301126
10,2021-12-21,22.77,23.94,24.15,22.16,112608,259706616.0,8.48,1.96,0.46,23.0,301126
11,2021-12-22,23.59,22.92,24.14,22.77,98594,230428438.0,5.72,-4.26,-1.02,20.14,301126
12,2021-12-23,22.77,23.08,23.44,22.62,71817,165496378.0,3.58,0.7,0.16,14.67,301126
13,2021-12-24,22.91,21.77,22.95,21.74,89613,198807193.0,5.24,-5.68,-1.31,18.3,301126
14,2021-12-27,21.7,22.57,22.84,21.48,79452,178283641.0,6.25,3.67,0.8,16.23,301126
15,2021-12-28,22.13,22.44,22.66,21.74,67376,149523650.0,4.08,-0.58,-0.13,13.76,301126
16,2021-12-29,22.27,23.59,24.22,22.04,138583,323501040.0,9.71,5.12,1.15,28.3,301126
17,2021-12-30,23.18,22.86,23.69,22.64,106061,244866482.0,4.45,-3.09,-0.73,21.66,301126
18,2021-12-31,22.45,22.63,23.44,22.45,79375,182108272.0,4.33,-1.01,-0.23,16.21,301126
19,2022-01-04,22.27,22.92,23.43,22.27,86199,198584281.0,5.13,1.28,0.29,17.6,301126
20,2022-01-05,22.76,21.52,22.76,21.32,92325,201362989.0,6.28,-6.11,-1.4,18.86,301126
21,2022-01-06,21.34,21.79,21.9,21.3,48319,104781524.0,2.79,1.25,0.27,9.87,301126
22,2022-01-07,22.14,21.22,22.14,21.17,53840,116941076.0,4.45,-2.62,-0.57,11.0,301126
23,2022-01-10,21.09,22.85,23.44,21.09,109269,245956827.0,11.07,7.68,1.63,22.32,301126
24,2022-01-11,22.71,22.94,23.36,22.44,91008,209622522.0,4.03,0.39,0.09,18.59,301126
25,2022-01-12,22.97,22.94,23.22,22.54,69259,158887476.0,2.96,0.0,0.0,14.14,301126
26,2022-01-13,22.64,22.28,23.07,22.02,63083,141614632.0,4.58,-2.88,-0.66,12.88,301126
27,2022-01-14,22.21,22.26,22.82,22.16,55418,124956282.0,2.96,-0.09,-0.02,11.32,301126
28,2022-01-17,22.07,22.2,22.46,21.69,45171,99947552.0,3.46,-0.27,-0.06,9.23,301126
29,2022-01-18,21.99,21.2,22.33,21.14,63011,135215162.0,5.36,-4.5,-1.0,12.87,301126
30,2022-01-19,21.24,21.76,22.32,21.0,69213,150801227.0,6.23,2.64,0.56,14.14,301126
31,2022-01-20,21.49,21.44,22.83,21.14,80752,175743077.0,7.77,-1.47,-0.32,16.49,301126
32,2022-01-21,21.14,19.39,21.27,19.24,80903,163017050.0,9.47,-9.56,-2.05,16.52,301126
33,2022-01-24,19.24,18.89,19.39,18.74,32124,61074546.0,3.35,-2.58,-0.5,6.56,301126
34,2022-01-25,18.9,17.78,18.9,17.75,41125,75052788.0,6.09,-5.88,-1.11,8.4,301126
35,2022-01-26,17.95,17.83,18.24,17.66,20139,36217042.0,3.26,0.28,0.05,4.11,301126
36,2022-01-27,17.95,16.87,18.14,16.84,35696,61850252.0,7.29,-5.38,-0.96,7.29,301126
37,2022-01-28,17.21,17.56,18.23,17.09,37516,66304830.0,6.76,4.09,0.69,7.66,301126
38,2022-02-07,17.86,18.02,18.15,17.62,26556,47606363.0,3.02,2.62,0.46,5.42,301126
39,2022-02-08,17.88,18.2,18.74,17.87,28985,52858657.0,4.83,1.0,0.18,5.92,301126
40,2022-02-09,17.97,18.26,18.4,17.93,25371,46264773.0,2.58,0.33,0.06,5.18,301126
41,2022-02-10,18.3,18.7,19.33,18.29,53250,100416752.0,5.7,2.41,0.44,10.88,301126
42,2022-02-11,18.34,17.89,18.61,17.72,39931,72462438.0,4.76,-4.33,-0.81,8.16,301126
43,2022-02-14,18.27,19.22,19.27,18.19,74709,141245280.0,6.04,7.43,1.33,15.26,301126
44,2022-02-15,18.91,18.92,19.08,18.54,48046,90414211.0,2.81,-1.56,-0.3,9.81,301126
45,2022-02-16,18.75,19.08,19.24,18.59,44231,84152241.0,3.44,0.85,0.16,9.03,301126
46,2022-02-17,18.85,18.84,19.43,18.79,47488,91031431.0,3.35,-1.26,-0.24,9.7,301126
47,2022-02-18,18.61,19.17,19.35,18.51,42881,82012184.0,4.46,1.75,0.33,8.76,301126
48,2022-02-21,19.1,23.02,23.02,18.83,167343,364473136.0,21.86,20.08,3.85,34.18,301126
49,2022-02-22,23.37,22.47,24.94,22.46,276196,659571440.0,10.77,-2.39,-0.55,56.41,301126
50,2022-02-23,21.74,23.12,24.39,21.74,200913,462739376.0,11.79,2.89,0.65,41.03,301126
51,2022-02-24,22.12,20.58,22.39,20.21,173842,370401760.0,9.43,-10.99,-2.54,35.5,301126
52,2022-02-25,20.89,21.1,21.6,20.73,92239,195860276.0,4.23,2.53,0.52,18.84,301126
53,2022-02-28,21.09,21.17,21.84,21.01,76002,162447104.0,3.93,0.33,0.07,15.52,301126
54,2022-03-01,21.27,21.89,22.13,21.24,90200,196546816.0,4.2,3.4,0.72,18.42,301126
55,2022-03-02,21.94,22.72,22.99,21.2,122984,277016128.0,8.18,3.79,0.83,25.12,301126
56,2022-03-03,22.28,25.25,27.22,22.16,223655,543819008.0,22.27,11.14,2.53,45.68,301126
57,2022-03-04,30.31,30.31,30.31,30.31,61655,187247723.0,0.0,20.04,5.06,12.59,301126
58,2022-03-07,36.38,36.38,36.38,36.38,60159,219220124.0,0.0,20.03,6.07,12.29,301126
59,2022-03-08,36.78,29.09,36.78,29.09,288107,910021296.0,21.14,-20.04,-7.29,58.84,301126
60,2022-03-09,26.51,27.44,28.08,24.99,261205,695697760.0,10.62,-5.67,-1.65,53.35,301126
61,2022-03-10,28.04,30.72,32.24,27.6,298025,895004064.0,16.91,11.95,3.28,60.87,301126
62,2022-03-11,27.96,28.85,30.44,27.94,225272,654275104.0,8.14,-6.09,-1.87,46.01,301126
63,2022-03-14,29.51,26.24,29.94,25.95,197162,547529456.0,13.83,-9.05,-2.61,40.27,301126
64,2022-03-15,25.26,24.29,26.89,24.28,154605,396243952.0,9.95,-7.43,-1.95,31.58,301126
65,2022-03-16,25.06,24.29,25.27,22.85,153513,366615168.0,9.96,0.0,0.0,31.35,301126
66,2022-03-17,23.94,24.8,25.6,23.68,138698,346256800.0,7.9,2.1,0.51,28.33,301126
67,2022-03-18,24.4,25.24,25.72,24.4,109265,276180848.0,5.32,1.77,0.44,22.32,301126
68,2022-03-21,24.93,25.74,26.07,24.93,112565,290436592.0,4.52,1.98,0.5,22.99,301126
69,2022-03-22,25.74,27.34,27.54,25.04,199147,532208160.0,9.71,6.22,1.6,40.67,301126
70,2022-03-23,26.49,25.07,26.74,24.27,142889,363301392.0,9.03,-8.3,-2.27,29.18,301126
71,2022-03-24,24.35,24.79,25.92,23.95,112621,280832432.0,7.86,-1.12,-0.28,23.0,301126
72,2022-03-25,24.9,23.61,24.9,23.07,109413,262720941.0,7.38,-4.76,-1.18,22.35,301126
73,2022-03-28,23.61,23.37,24.01,22.84,69783,164022189.0,4.96,-1.02,-0.24,14.25,301126
74,2022-03-29,24.12,23.39,24.66,22.94,98980,236977192.0,7.36,0.09,0.02,20.21,301126
75,2022-03-30,22.69,22.94,23.38,22.65,77993,179179990.0,3.12,-1.92,-0.45,15.93,301126
76,2022-03-31,22.75,22.3,23.53,21.96,80475,183779291.0,6.84,-2.79,-0.64,16.44,301126
77,2022-04-01,22.19,21.53,22.43,21.21,81228,176013820.0,5.47,-3.45,-0.77,16.59,301126
78,2022-04-06,21.52,21.69,22.01,21.35,52550,114315053.0,3.07,0.74,0.16,10.73,301126
79,2022-04-07,21.74,20.82,21.77,20.82,50169,106212412.0,4.38,-4.01,-0.87,10.25,301126
80,2022-04-08,20.97,20.28,21.34,20.15,42365,87123891.0,5.72,-2.59,-0.54,8.65,301126
81,2022-04-11,20.19,19.6,20.48,19.42,34217,68292727.0,5.23,-3.35,-0.68,6.99,301126
82,2022-04-12,19.45,19.77,19.77,19.04,28709,55928583.0,3.72,0.87,0.17,5.86,301126
83,2022-04-13,19.74,18.76,19.74,18.74,32188,61264074.0,5.06,-5.11,-1.01,6.57,301126
84,2022-04-14,18.82,19.1,19.41,18.79,25012,48043118.0,3.3,1.81,0.34,5.11,301126
85,2022-04-15,19.06,19.42,21.13,18.83,88511,176745031.0,12.04,1.68,0.32,18.08,301126
86,2022-04-18,19.11,18.99,19.33,18.14,48036,90539676.0,6.13,-2.21,-0.43,9.81,301126
87,2022-04-19,18.99,19.37,19.68,18.84,37487,72485294.0,4.42,2.0,0.38,7.66,301126
88,2022-04-20,19.37,19.15,19.73,18.95,40980,79335410.0,4.03,-1.14,-0.22,8.37,301126
89,2022-04-21,19.09,17.95,19.14,17.86,41813,77294018.0,6.68,-6.27,-1.2,8.54,301126
90,2022-04-22,17.97,18.22,18.3,17.54,30607,54949587.0,4.23,1.5,0.27,6.25,301126
91,2022-04-25,17.94,16.06,17.94,15.92,47106,79298039.0,11.09,-11.86,-2.16,9.62,301126
92,2022-04-26,16.09,15.53,16.25,15.43,34710,55267739.0,5.11,-3.3,-0.53,7.09,301126
93,2022-04-27,15.14,15.94,15.94,14.88,35037,54305752.0,6.83,2.64,0.41,7.16,301126
94,2022-04-28,15.89,15.2,15.92,15.17,27274,42401601.0,4.71,-4.64,-0.74,5.57,301126
95,2022-04-29,15.34,16.33,16.4,15.34,39162,63135024.0,6.97,7.43,1.13,8.0,301126
96,2022-05-05,16.44,17.13,17.59,15.97,44604,75937127.0,9.92,4.9,0.8,9.11,301126
97,2022-05-06,16.74,17.37,17.73,16.43,40608,70440151.0,7.59,1.4,0.24,8.29,301126
98,2022-05-09,17.34,17.74,17.93,17.34,34056,60206183.0,3.4,2.13,0.37,6.96,301126
99,2022-05-10,17.49,17.89,17.89,17.34,26823,47653673.0,3.1,0.85,0.15,5.48,301126
100,2022-05-11,17.9,18.08,18.77,17.9,39661,72783928.0,4.86,1.06,0.19,8.1,301126
101,2022-05-12,17.94,18.52,18.59,17.94,33492,61831950.0,3.6,2.43,0.44,6.84,301126
102,2022-05-13,18.63,18.49,18.75,18.16,20837,38438223.0,3.19,-0.16,-0.03,4.26,301126
103,2022-05-16,18.54,18.34,18.63,18.16,21434,39479147.0,2.54,-0.81,-0.15,4.38,301126
104,2022-05-17,18.29,17.84,18.29,17.61,22566,40360480.0,3.71,-2.73,-0.5,4.61,301126
105,2022-05-18,17.94,18.02,18.41,17.73,18926,34335094.0,3.81,1.01,0.18,3.87,301126
106,2022-05-19,17.99,19.45,21.44,17.79,93807,184856342.0,20.26,7.94,1.43,19.16,301126
107,2022-05-20,18.94,18.7,19.42,18.34,102085,191811887.0,5.55,-3.86,-0.75,20.85,301126
108,2022-05-23,18.24,18.45,18.54,18.01,61166,112237698.0,2.83,-1.34,-0.25,12.49,301126
109,2022-05-24,18.52,16.7,18.52,16.7,78154,136288490.0,9.86,-9.49,-1.75,15.96,301126
110,2022-05-25,16.62,17.24,17.41,16.24,49830,85485697.0,7.01,3.23,0.54,10.18,301126
111,2022-05-26,17.46,17.49,17.61,16.88,37987,66028051.0,4.23,1.45,0.25,7.76,301126
112,2022-05-27,17.63,16.97,17.63,16.8,28291,48659367.0,4.75,-2.97,-0.52,5.78,301126
113,2022-05-30,17.05,16.75,17.18,16.46,25921,43260467.0,4.24,-1.3,-0.22,5.29,301126
114,2022-05-31,16.69,16.76,16.8,16.23,24172,40210926.0,3.4,0.06,0.01,4.94,301126
115,2022-06-01,16.82,16.7,16.99,16.49,20712,34847840.0,2.98,-0.36,-0.06,4.23,301126
116,2022-06-02,16.7,16.47,16.7,16.3,20793,34356397.0,2.4,-1.38,-0.23,4.25,301126
117,2022-06-06,16.55,16.82,16.86,16.52,21032,35369599.0,2.06,2.13,0.35,4.3,301126
118,2022-06-07,16.77,17.35,17.72,16.37,85723,146515023.0,8.03,3.15,0.53,16.6,301126
119,2022-06-08,17.09,16.68,17.19,16.49,66947,113032606.0,4.03,-3.86,-0.67,12.97,301126
120,2022-06-09,16.61,15.99,16.68,15.87,42230,68354590.0,4.86,-4.14,-0.69,8.18,301126
121,2022-06-10,16.19,16.38,16.66,16.19,38723,63972413.0,2.94,2.44,0.39,7.5,301126
122,2022-06-13,16.11,16.71,17.02,16.1,40715,67489220.0,5.62,2.01,0.33,7.89,301126
123,2022-06-14,16.55,16.23,16.55,15.84,31179,50579381.0,4.25,-2.87,-0.48,6.04,301126
124,2022-06-15,16.34,16.15,16.44,16.14,26749,43757262.0,1.85,-0.49,-0.08,5.18,301126
125,2022-06-16,16.07,16.32,16.52,16.07,28665,47108393.0,2.79,1.05,0.17,5.55,301126
126,2022-06-17,16.16,16.34,16.44,15.89,31262,50774946.0,3.37,0.12,0.02,6.06,301126
127,2022-06-20,16.34,16.9,16.9,16.29,47175,79027974.0,3.73,3.43,0.56,9.14,301126
128,2022-06-21,17.35,17.03,17.37,16.81,58534,100098816.0,3.31,0.77,0.13,11.34,301126
129,2022-06-22,16.83,17.77,18.15,16.7,118328,208282135.0,8.51,4.35,0.74,22.92,301126
130,2022-06-23,17.39,17.26,17.55,16.93,83871,144225741.0,3.49,-2.87,-0.51,16.25,301126
131,2022-06-24,17.13,17.08,17.27,17.01,50021,85894655.0,1.51,-1.04,-0.18,9.69,301126
132,2022-06-27,17.08,17.22,17.35,17.03,38073,65515922.0,1.87,0.82,0.14,7.37,301126
133,2022-06-28,17.24,17.36,17.44,16.82,46752,80465714.0,3.6,0.81,0.14,9.06,301126
134,2022-06-29,17.33,16.8,17.36,16.69,44777,76445566.0,3.86,-3.23,-0.56,8.67,301126
135,2022-06-30,16.8,17.1,17.31,16.67,41692,71275799.0,3.81,1.79,0.3,8.08,301126
136,2022-07-01,17.12,16.72,17.23,16.57,33663,56767745.0,3.86,-2.22,-0.38,6.52,301126
137,2022-07-04,16.73,17.36,17.47,16.73,55179,95219326.0,4.43,3.83,0.64,10.69,301126
138,2022-07-05,17.37,17.14,17.48,16.91,43383,74749581.0,3.28,-1.27,-0.22,8.4,301126
139,2022-07-06,17.12,16.75,17.24,16.63,33423,56611015.0,3.56,-2.28,-0.39,6.47,301126
140,2022-07-07,16.92,17.27,17.79,16.92,61717,106886415.0,5.19,3.1,0.52,11.95,301126
141,2022-07-08,17.27,18.16,18.42,17.08,114354,206082080.0,7.76,5.15,0.89,22.15,301126
142,2022-07-11,18.55,18.92,19.17,17.97,123924,232311268.0,6.61,4.19,0.76,24.0,301126
143,2022-07-12,18.47,18.27,18.83,18.15,77608,143449603.0,3.59,-3.44,-0.65,15.03,301126
144,2022-07-13,18.14,18.87,19.07,18.06,78998,148219983.0,5.53,3.28,0.6,15.3,301126
145,2022-07-14,18.61,18.74,18.96,18.51,57478,107820388.0,2.38,-0.69,-0.13,11.13,301126
146,2022-07-15,18.68,19.17,19.81,18.22,103594,198154533.0,8.48,2.29,0.43,20.07,301126
147,2022-07-18,18.94,20.05,20.29,18.82,98697,194590704.0,7.67,4.59,0.88,19.12,301126
148,2022-07-19,19.67,19.39,20.09,19.14,84949,166716485.0,4.74,-3.29,-0.66,16.45,301126
149,2022-07-20,19.29,18.92,19.78,18.75,87171,167548559.0,5.31,-2.42,-0.47,16.88,301126
150,2022-07-21,18.78,18.38,18.94,18.37,61747,114734403.0,3.01,-2.85,-0.54,11.96,301126
151,2022-07-22,18.48,18.6,18.62,17.95,53607,98272156.0,3.65,1.2,0.22,10.38,301126
152,2022-07-25,18.74,18.35,18.95,18.02,53180,98261746.0,5.0,-1.34,-0.25,10.3,301126
153,2022-07-26,18.19,18.03,18.46,17.65,59094,106334447.0,4.41,-1.74,-0.32,11.45,301126
154,2022-07-27,18.11,18.69,19.28,17.97,81350,153035836.0,7.27,3.66,0.66,15.76,301126
155,2022-07-28,18.72,18.82,19.12,18.55,54713,103320963.0,3.05,0.7,0.13,10.6,301126
156,2022-07-29,18.62,18.14,18.75,18.09,49277,90671268.0,3.51,-3.61,-0.68,9.54,301126
157,2022-08-01,18.27,17.99,18.34,17.83,38248,69102001.0,2.81,-0.83,-0.15,7.41,301126
158,2022-08-02,17.85,16.27,17.87,16.06,79737,132613910.0,10.06,-9.56,-1.72,15.44,301126
159,2022-08-03,16.4,16.64,17.19,16.4,58552,99158107.0,4.86,2.27,0.37,11.34,301126
160,2022-08-04,16.91,17.28,17.41,16.89,35684,61524116.0,3.13,3.85,0.64,6.91,301126
161,2022-08-05,17.57,17.24,17.58,17.07,28083,48570262.0,2.95,-0.23,-0.04,5.44,301126
162,2022-08-08,17.24,17.86,17.91,17.09,30703,54390570.0,4.76,3.6,0.62,5.95,301126
163,2022-08-09,17.62,18.21,18.84,17.62,49627,91318106.0,6.83,1.96,0.35,9.61,301126
164,2022-08-10,18.22,18.6,18.69,17.97,37252,68672258.0,3.95,2.14,0.39,7.22,301126
165,2022-08-11,18.66,18.59,18.76,18.42,33313,62054861.0,1.83,-0.05,-0.01,6.45,301126
166,2022-08-12,18.81,18.57,18.82,18.52,27475,51242438.0,1.61,-0.11,-0.02,5.32,301126
167,2022-08-15,18.56,19.03,19.11,18.02,52773,99136625.0,5.87,2.48,0.46,10.22,301126
168,2022-08-16,18.9,19.31,19.61,18.78,56584,108378735.0,4.36,1.47,0.28,10.96,301126
169,2022-08-17,20.57,19.19,21.34,19.05,187407,378490717.0,11.86,-0.62,-0.12,36.3,301126
170,2022-08-18,18.59,18.17,18.85,18.05,115330,211210354.0,4.17,-5.32,-1.02,22.34,301126
171,2022-08-19,18.07,17.42,18.17,17.41,72453,129011256.0,4.18,-4.13,-0.75,14.03,301126
172,2022-08-22,17.49,17.5,17.72,17.32,42392,74339088.0,2.3,0.46,0.08,8.21,301126
173,2022-08-23,17.65,17.31,17.66,17.22,35980,62582138.0,2.51,-1.09,-0.19,6.97,301126
174,2022-08-24,17.33,16.75,17.42,16.72,37028,62837312.0,4.04,-3.24,-0.56,7.17,301126
175,2022-08-25,16.83,16.67,16.89,16.37,31306,52000816.0,3.1,-0.48,-0.08,6.06,301126
176,2022-08-26,16.75,16.49,16.76,16.47,29016,48330888.0,1.74,-1.08,-0.18,5.62,301126
177,2022-08-29,16.37,16.63,16.63,16.06,27035,44343932.0,3.46,0.85,0.14,5.24,301126
178,2022-08-30,16.57,16.66,16.8,16.47,22960,38337607.0,1.98,0.18,0.03,4.45,301126
179,2022-08-31,16.83,16.4,16.9,16.39,29501,49066823.0,3.06,-1.56,-0.26,5.71,301126
180,2022-09-01,16.48,16.6,16.74,16.39,23611,39289082.0,2.13,1.22,0.2,4.57,301126
181,2022-09-02,16.7,16.66,16.87,16.6,24156,40470007.0,1.63,0.36,0.06,4.68,301126
182,2022-09-05,16.6,16.42,16.73,16.33,21281,35078840.0,2.4,-1.44,-0.24,4.12,301126
183,2022-09-06,16.45,16.37,16.47,16.27,19181,31439926.0,1.22,-0.3,-0.05,3.72,301126
184,2022-09-07,16.22,16.29,16.38,16.21,18939,30909516.0,1.04,-0.49,-0.08,3.67,301126
185,2022-09-08,16.37,15.95,16.37,15.95,23331,37628289.0,2.58,-2.09,-0.34,4.52,301126
186,2022-09-09,15.97,16.07,16.2,15.97,15245,24569305.0,1.44,0.75,0.12,2.95,301126
187,2022-09-13,16.17,16.1,16.27,16.05,13760,22250304.0,1.37,0.19,0.03,2.67,301126
188,2022-09-14,15.82,16.07,16.21,15.64,17930,28636830.0,3.54,-0.19,-0.03,3.47,301126
189,2022-09-15,16.2,15.77,16.2,15.63,17617,27951352.0,3.55,-1.87,-0.3,3.41,301126
190,2022-09-16,15.71,15.15,15.83,15.09,19083,29407513.0,4.69,-3.93,-0.62,3.7,301126
191,2022-09-19,15.17,14.8,15.24,14.6,15116,22466244.0,4.22,-2.31,-0.35,2.93,301126
192,2022-09-20,14.92,15.08,15.13,14.88,13338,20088107.0,1.69,1.89,0.28,2.58,301126
193,2022-09-21,15.01,15.12,15.22,14.86,11806,17793485.0,2.39,0.27,0.04,2.29,301126
194,2022-09-22,15.04,14.86,15.25,14.82,11710,17595052.0,2.84,-1.72,-0.26,2.27,301126
195,2022-09-23,14.86,14.53,14.97,14.37,15192,22244294.0,4.04,-2.22,-0.33,2.94,301126
196,2022-09-26,14.42,14.03,14.43,13.92,14613,20725482.0,3.51,-3.44,-0.5,2.83,301126
197,2022-09-27,14.01,14.51,14.52,14.01,16739,24022497.0,3.64,3.42,0.48,3.24,301126
198,2022-09-28,14.45,14.14,14.69,14.14,13349,19243409.0,3.79,-2.55,-0.37,2.59,301126
199,2022-09-29,14.25,14.01,14.46,13.99,10602,15093260.0,3.32,-0.92,-0.13,2.05,301126
200,2022-09-30,13.96,14.03,14.41,13.85,15038,21359226.0,4.0,0.14,0.02,2.91,301126
201,2022-10-10,14.16,13.75,14.42,13.68,16933,23776403.0,5.27,-2.0,-0.28,3.28,301126
202,2022-10-11,13.84,13.82,13.88,13.3,14806,20227089.0,4.22,0.51,0.07,2.87,301126
203,2022-10-12,13.82,14.26,14.26,13.61,15591,21746995.0,4.7,3.18,0.44,3.02,301126
204,2022-10-13,14.14,14.56,14.65,14.1,19763,28679088.0,3.86,2.1,0.3,3.83,301126
205,2022-10-14,14.56,15.23,15.53,14.49,40405,61478324.0,7.14,4.6,0.67,7.83,301126
206,2022-10-17,15.25,15.53,15.53,15.19,26740,41318408.0,2.23,1.97,0.3,5.18,301126
207,2022-10-18,15.96,15.79,16.04,15.38,41960,66226013.0,4.25,1.67,0.26,8.13,301126
208,2022-10-19,15.53,15.47,15.83,15.38,24568,38178483.0,2.85,-2.03,-0.32,4.76,301126
209,2022-10-20,15.42,15.44,15.77,15.39,21313,33315212.0,2.46,-0.19,-0.03,4.13,301126
210,2022-10-21,15.55,15.3,15.61,15.29,15450,23853663.0,2.07,-0.91,-0.14,2.99,301126
211,2022-10-24,15.52,14.86,15.54,14.72,19956,30167480.0,5.36,-2.88,-0.44,3.87,301126
212,2022-10-25,14.93,14.53,14.97,14.34,15503,22669105.0,4.24,-2.22,-0.33,3.0,301126
213,2022-10-26,14.5,15.22,15.36,14.49,25719,39045370.0,5.99,4.75,0.69,4.98,301126
214,2022-10-27,15.34,15.18,15.43,15.04,16826,25610656.0,2.56,-0.26,-0.04,3.26,301126
215,2022-10-28,15.04,14.44,15.19,14.39,15987,23657836.0,5.27,-4.87,-0.74,3.1,301126
216,2022-10-31,14.43,14.88,15.18,14.43,16932,25145501.0,5.19,3.05,0.44,3.28,301126
217,2022-11-01,15.37,15.75,16.47,15.18,64411,101191705.0,8.67,5.85,0.87,12.48,301126
218,2022-11-02,15.47,15.64,16.0,15.34,51460,80734580.0,4.19,-0.7,-0.11,9.97,301126
219,2022-11-03,15.39,15.37,15.67,15.33,25501,39458648.0,2.17,-1.73,-0.27,4.94,301126
220,2022-11-04,15.42,15.53,15.57,15.32,21346,33062638.0,1.63,1.04,0.16,4.13,301126
221,2022-11-07,15.53,15.46,15.65,15.37,22783,35308109.0,1.8,-0.45,-0.07,4.41,301126
222,2022-11-08,15.37,15.46,15.51,15.13,19222,29545596.0,2.46,0.0,0.0,3.72,301126
223,2022-11-09,15.54,16.02,16.04,15.39,47984,76347791.0,4.2,3.62,0.56,9.29,301126
224,2022-11-10,15.75,15.81,16.17,15.68,42945,68824554.0,3.06,-1.31,-0.21,8.32,301126
225,2022-11-11,16.05,15.8,16.64,15.8,74172,121085839.0,5.31,-0.06,-0.01,14.37,301126
226,2022-11-14,15.5,16.77,16.9,15.41,95809,157098173.0,9.43,6.14,0.97,18.56,301126
227,2022-11-15,16.73,17.83,17.83,16.38,135273,231469912.0,8.65,6.32,1.06,26.2,301126
228,2022-11-16,17.27,16.94,17.69,16.85,102035,175762036.0,4.71,-4.99,-0.89,19.76,301126
229,2022-11-17,17.57,20.33,20.33,17.45,192114,372441083.0,17.0,20.01,3.39,37.21,301126
230,2022-11-18,19.47,20.05,21.35,18.79,243482,483219899.0,12.59,-1.38,-0.28,47.16,301126
231,2022-11-21,19.55,18.97,19.65,18.86,123652,236446838.0,3.94,-5.39,-1.08,23.95,301126
232,2022-11-22,18.97,17.86,19.11,17.45,118737,216496520.0,8.75,-5.85,-1.11,23.0,301126
233,2022-11-23,17.97,17.07,17.98,16.6,89478,152286478.0,7.73,-4.42,-0.79,17.33,301126
234,2022-11-24,16.89,17.27,17.58,16.82,74417,128883334.0,4.45,1.17,0.2,14.41,301126
235,2022-11-25,17.06,17.17,17.36,16.47,73024,123328965.0,5.15,-0.58,-0.1,14.14,301126
236,2022-11-28,18.04,18.0,19.29,17.97,150886,279236038.0,7.69,4.83,0.83,29.23,301126
237,2022-11-29,17.8,18.99,19.25,17.8,169491,319442051.0,8.06,5.5,0.99,32.83,301126
238,2022-11-30,18.52,18.06,18.65,17.92,125847,229762279.0,3.84,-4.9,-0.93,24.38,301126
239,2022-12-01,18.42,18.14,18.57,17.52,110194,198610894.0,5.81,0.44,0.08,21.34,301126
240,2022-12-02,17.67,18.8,19.16,17.52,136949,253931153.0,9.04,3.64,0.66,26.53,301126
241,2022-12-05,18.54,18.85,20.06,18.05,166837,318839804.0,10.69,0.27,0.05,32.32,301126
242,2022-12-06,18.28,17.69,18.76,17.43,124985,226401056.0,7.06,-6.15,-1.16,24.21,301126
243,2022-12-07,17.41,17.97,18.35,17.18,97808,174997437.0,6.61,1.58,0.28,9.03,301126
244,2022-12-08,17.22,17.02,17.46,16.85,107889,184699922.0,3.39,-5.29,-0.95,9.96,301126
245,2022-12-09,16.93,16.78,17.2,16.63,70913,120127150.0,3.35,-1.41,-0.24,6.54,301126
246,2022-12-12,16.78,17.36,17.54,16.78,99756,172554197.0,4.53,3.46,0.58,9.21,301126
247,2022-12-13,17.53,17.27,17.83,16.91,66284,114587052.0,5.3,-0.52,-0.09,6.12,301126
248,2022-12-14,17.09,16.38,17.11,16.33,71034,117842201.0,4.52,-5.15,-0.89,6.55,301126
249,2022-12-15,16.38,16.57,17.05,16.37,48100,80272938.0,4.15,1.16,0.19,4.44,301126
250,2022-12-16,17.06,17.61,18.23,16.73,141751,249490188.0,9.05,6.28,1.04,13.08,301126
251,2022-12-19,17.36,16.36,17.82,16.21,89347,149966931.0,9.14,-7.1,-1.25,8.24,301126
252,2022-12-20,15.97,15.82,16.26,15.47,55037,86840561.0,4.83,-3.3,-0.54,5.08,301126
253,2022-12-21,15.67,15.65,15.91,15.47,34423,53936154.0,2.78,-1.07,-0.17,3.18,301126
254,2022-12-22,15.62,15.96,16.76,15.23,71260,114055661.0,9.78,1.98,0.31,6.58,301126
255,2022-12-23,15.57,15.64,15.99,15.35,50122,78482510.0,4.01,-2.01,-0.32,4.63,301126
256,2022-12-26,15.65,15.63,15.76,15.47,30547,47650282.0,1.85,-0.06,-0.01,2.82,301126
257,2022-12-27,15.57,15.08,15.62,14.79,43643,65711579.0,5.31,-3.52,-0.55,4.03,301126
258,2022-12-28,14.98,14.83,15.18,14.72,33919,50843439.0,3.05,-1.66,-0.25,3.13,301126
259,2022-12-29,14.66,15.04,15.43,14.66,39537,60205013.0,5.19,1.42,0.21,3.65,301126
260,2022-12-30,15.07,14.86,15.17,14.77,27164,40530118.0,2.66,-1.2,-0.18,2.51,301126
261,2023-01-03,14.86,15.22,15.26,14.83,30873,46903318.0,2.89,2.42,0.36,2.85,301126
262,2023-01-04,15.22,15.15,15.26,14.97,24301,36811385.0,1.91,-0.46,-0.07,2.24,301126
263,2023-01-05,15.13,15.31,15.32,14.91,33348,50722736.0,2.71,1.06,0.16,3.08,301126
264,2023-01-06,15.24,15.29,15.37,15.12,25929,39674913.0,1.63,-0.13,-0.02,2.39,301126
265,2023-01-09,15.32,15.34,15.38,15.25,21941,33655221.0,0.85,0.33,0.05,2.02,301126
266,2023-01-10,15.37,15.11,15.37,15.1,23103,35208490.0,1.76,-1.5,-0.23,2.13,301126
267,2023-01-11,15.11,15.42,15.85,15.07,50505,78309384.0,5.16,2.05,0.31,4.66,301126
268,2023-01-12,15.42,15.61,15.77,15.27,43099,67196091.0,3.24,1.23,0.19,3.98,301126
269,2023-01-13,15.46,15.96,16.17,15.39,48966,77390460.0,5.0,2.24,0.35,4.52,301126
270,2023-01-16,15.86,16.37,16.42,15.84,82470,133359367.0,3.63,2.57,0.41,7.61,301126
271,2023-01-17,16.17,15.75,16.37,15.61,58783,93461641.0,4.64,-3.79,-0.62,5.42,301126
272,2023-01-18,15.66,16.32,16.59,15.59,81254,132255648.0,6.35,3.62,0.57,7.5,301126
273,2023-01-19,16.14,15.96,16.2,15.86,56155,90006579.0,2.08,-2.21,-0.36,5.18,301126
274,2023-01-20,15.96,15.97,16.17,15.85,29369,47030858.0,2.01,0.06,0.01,2.71,301126
275,2023-01-30,15.96,16.23,16.62,15.88,53129,85951180.0,4.63,1.63,0.26,4.9,301126
276,2023-01-31,16.08,16.17,16.4,16.02,30562,49529354.0,2.34,-0.37,-0.06,2.82,301126
277,2023-02-01,16.17,16.5,16.63,16.1,49662,81597426.0,3.28,2.04,0.33,4.58,301126
278,2023-02-02,16.5,16.45,16.79,16.4,47009,77865652.0,2.36,-0.3,-0.05,4.34,301126
279,2023-02-03,16.44,16.71,16.78,16.25,58679,97379777.0,3.22,1.58,0.26,5.41,301126
280,2023-02-06,17.39,16.83,17.7,16.79,103102,177606514.0,5.45,0.72,0.12,9.51,301126
281,2023-02-07,16.84,16.87,17.17,16.68,55470,93597140.0,2.91,0.24,0.04,5.12,301126
282,2023-02-08,16.78,16.82,17.12,16.67,49267,83472088.0,2.67,-0.3,-0.05,4.55,301126
283,2023-02-09,16.71,16.88,16.91,16.5,35901,60176723.0,2.44,0.36,0.06,3.31,301126
284,2023-02-10,16.97,16.93,17.04,16.68,40310,68150245.0,2.13,0.3,0.05,3.72,301126
285,2023-02-13,16.85,17.28,17.35,16.8,56202,96453613.0,3.25,2.07,0.35,5.19,301126
286,2023-02-14,17.15,17.17,17.27,17.02,36322,62354934.0,1.45,-0.64,-0.11,3.35,301126
287,2023-02-15,17.06,17.17,17.37,17.06,37007,63789740.0,1.81,0.0,0.0,3.41,301126
288,2023-02-16,17.77,16.9,17.97,16.77,102362,179225577.0,6.99,-1.57,-0.27,9.45,301126
289,2023-02-17,16.78,17.03,17.36,16.67,76748,131686233.0,4.08,0.77,0.13,7.08,301126
290,2023-02-20,16.94,17.0,17.04,16.47,57796,97226816.0,3.35,-0.18,-0.03,5.33,301126
291,2023-02-21,17.0,16.85,17.2,16.67,40131,67990035.0,3.12,-0.88,-0.15,3.7,301126
292,2023-02-22,16.74,16.8,16.97,16.58,25991,43749533.0,2.31,-0.3,-0.05,2.4,301126
293,2023-02-23,16.92,16.79,17.34,16.67,43541,73865736.0,3.99,-0.06,-0.01,4.02,301126
294,2023-02-24,16.95,16.55,16.95,16.51,29583,49356957.0,2.62,-1.43,-0.24,2.73,301126
295,2023-02-27,16.38,16.19,16.59,16.19,26085,42739898.0,2.42,-2.18,-0.36,2.41,301126
296,2023-02-28,16.23,16.77,16.8,16.22,39089,64742744.0,3.58,3.58,0.58,3.61,301126
297,2023-03-01,16.69,16.87,16.93,16.57,32532,54527150.0,2.15,0.6,0.1,3.0,301126
298,2023-03-02,16.85,16.56,16.87,16.53,28186,47024574.0,2.02,-1.84,-0.31,2.6,301126
299,2023-03-03,16.62,17.03,17.09,16.52,53390,90311171.0,3.44,2.84,0.47,4.93,301126
300,2023-03-06,16.76,16.31,16.85,16.17,63921,104918637.0,3.99,-4.23,-0.72,5.9,301126
301,2023-03-07,16.4,15.76,16.53,15.72,41197,66205693.0,4.97,-3.37,-0.55,3.8,301126
302,2023-03-08,15.77,15.76,15.87,15.67,19592,30920877.0,1.27,0.0,0.0,1.81,301126
303,2023-03-09,15.77,15.85,15.88,15.69,17378,27511217.0,1.21,0.57,0.09,1.6,301126
304,2023-03-10,15.85,15.55,15.85,15.49,22041,34433547.0,2.27,-1.89,-0.3,2.03,301126
305,2023-03-13,15.36,15.54,15.56,15.27,17498,27008173.0,1.86,-0.06,-0.01,1.61,301126
306,2023-03-14,15.64,15.15,15.71,14.96,31343,48107986.0,4.83,-2.51,-0.39,2.89,301126
307,2023-03-15,15.29,15.3,15.51,15.26,20694,31863885.0,1.65,0.99,0.15,1.91,301126
308,2023-03-16,15.34,15.15,15.47,15.15,18782,28773376.0,2.09,-0.98,-0.15,1.73,301126
309,2023-03-17,15.29,15.14,15.32,15.04,17383,26402562.0,1.85,-0.07,-0.01,1.6,301126
310,2023-03-20,15.07,15.04,15.13,14.85,13340,20031206.0,1.85,-0.66,-0.1,1.23,301126
311,2023-03-21,15.11,15.28,15.29,15.09,14878,22633601.0,1.33,1.6,0.24,1.37,301126
312,2023-03-22,15.21,15.31,15.43,15.21,15834,24337791.0,1.44,0.2,0.03,1.46,301126
313,2023-03-23,15.19,15.21,15.37,15.07,17724,26985728.0,1.96,-0.65,-0.1,1.64,301126
314,2023-03-24,15.31,15.35,15.61,15.26,28367,43712322.0,2.3,0.92,0.14,2.62,301126
315,2023-03-27,15.23,15.46,15.52,15.09,22613,34883220.0,2.8,0.72,0.11,2.09,301126
316,2023-03-28,15.41,15.48,15.56,15.35,20254,31367551.0,1.36,0.13,0.02,1.87,301126
317,2023-03-29,15.47,15.2,15.49,15.15,16243,24846152.0,2.2,-1.81,-0.28,1.5,301126
318,2023-03-30,15.19,15.11,15.27,15.05,13577,20594037.0,1.45,-0.59,-0.09,1.25,301126
319,2023-03-31,15.17,15.26,15.34,15.1,11231,17159603.0,1.59,0.99,0.15,1.04,301126
320,2023-04-03,15.2,15.36,15.41,15.19,20051,30768058.0,1.44,0.66,0.1,1.85,301126
321,2023-04-04,15.32,15.14,15.41,15.05,18180,27589264.0,2.34,-1.43,-0.22,1.68,301126
322,2023-04-06,15.08,15.16,15.27,15.04,13120,19901685.0,1.52,0.13,0.02,1.21,301126
323,2023-04-07,15.29,15.36,15.42,15.15,23373,35885920.0,1.78,1.32,0.2,2.16,301126
324,2023-04-10,15.34,15.09,15.43,15.03,21284,32391530.0,2.6,-1.76,-0.27,1.96,301126
325,2023-04-11,15.09,14.88,15.19,14.79,20268,30326913.0,2.65,-1.39,-0.21,1.87,301126
326,2023-04-12,14.87,14.95,15.05,14.81,11927,17817409.0,1.61,0.47,0.07,1.1,301126
327,2023-04-13,14.95,15.2,15.38,14.77,23960,36382142.0,4.08,1.67,0.25,2.21,301126
328,2023-04-14,15.09,15.29,15.52,15.09,22776,34966311.0,2.83,0.59,0.09,2.1,301126
329,2023-04-17,15.18,15.14,15.23,15.06,15480,23436546.0,1.11,-0.98,-0.15,1.43,301126
330,2023-04-18,15.06,14.94,15.2,14.92,12544,18835997.0,1.85,-1.32,-0.2,1.16,301126
331,2023-04-19,14.94,14.86,14.97,14.81,9774,14553795.0,1.07,-0.54,-0.08,0.9,301126
332,2023-04-20,14.79,14.26,14.8,14.18,26363,37929889.0,4.17,-4.04,-0.6,2.43,301126
333,2023-04-21,14.32,14.02,14.33,13.92,18065,25524263.0,2.88,-1.68,-0.24,1.67,301126
334,2023-04-24,13.88,14.04,14.26,13.68,15574,21854003.0,4.14,0.14,0.02,1.44,301126
335,2023-04-25,13.99,13.57,14.05,13.44,19668,26863306.0,4.34,-3.35,-0.47,1.81,301126
336,2023-04-26,13.63,13.97,14.06,13.57,18165,25321675.0,3.61,2.95,0.4,1.68,301126
337,2023-04-27,13.86,14.15,14.42,13.86,27372,38875978.0,4.01,1.29,0.18,2.53,301126
338,2023-04-28,14.11,14.29,14.37,13.99,18167,25918452.0,2.69,0.99,0.14,1.68,301126
339,2023-05-04,14.26,14.37,14.45,14.18,12856,18459093.0,1.89,0.56,0.08,1.19,301126
340,2023-05-05,14.25,14.03,14.4,13.95,13100,18471304.0,3.13,-2.37,-0.34,1.21,301126
341,2023-05-08,14.04,14.09,14.15,13.83,12636,17724025.0,2.28,0.43,0.06,1.17,301126
342,2023-05-09,14.35,13.87,14.42,13.87,19043,26741044.0,3.9,-1.56,-0.22,1.76,301126
343,2023-05-10,13.75,13.94,14.03,13.75,8256,11484623.0,2.02,0.5,0.07,0.76,301126
344,2023-05-11,13.95,14.02,14.08,13.92,11113,15604230.0,1.15,0.57,0.08,1.03,301126
345,2023-05-12,14.08,14.22,14.39,13.89,20098,28647524.0,3.57,1.43,0.2,1.85,301126
346,2023-05-15,14.22,14.12,14.33,13.84,14696,20692862.0,3.45,-0.7,-0.1,1.36,301126
347,2023-05-16,14.3,14.03,14.3,13.92,11507,16175558.0,2.69,-0.64,-0.09,1.06,301126
348,2023-05-17,13.94,14.15,14.17,13.88,13073,18461313.0,2.07,0.86,0.12,1.21,301126
349,2023-05-18,14.15,14.07,14.27,13.98,12537,17654913.0,2.05,-0.57,-0.08,1.16,301126
350,2023-05-19,14.03,14.13,14.16,13.87,12871,18147132.0,2.06,0.43,0.06,1.19,301126
351,2023-05-22,14.14,14.23,14.29,14.14,15598,22234889.0,1.06,0.71,0.1,1.44,301126
352,2023-05-23,14.15,14.31,14.47,14.15,32755,47210454.0,2.25,0.56,0.08,3.02,301126
353,2023-05-24,14.42,14.09,14.45,14.07,19322,27465649.0,2.66,-1.54,-0.22,1.78,301126
354,2023-05-25,13.98,14.02,14.15,13.87,17037,23867899.0,1.99,-0.5,-0.07,1.57,301126
355,2023-05-26,13.88,14.16,14.25,13.83,14297,20171118.0,3.0,1.0,0.14,1.32,301126
356,2023-05-29,14.16,14.02,14.28,13.99,16058,22708726.0,2.05,-0.99,-0.14,1.48,301126
357,2023-05-30,13.97,13.92,14.08,13.73,20440,28431235.0,2.5,-0.71,-0.1,1.89,301126
358,2023-05-31,13.8,13.86,14.05,13.8,14629,20395601.0,1.8,-0.43,-0.06,1.35,301126
359,2023-06-01,13.8,13.9,13.96,13.68,12123,16836451.0,2.02,0.29,0.04,1.12,301126
360,2023-06-02,13.88,13.99,14.0,13.88,15996,22370842.0,0.86,0.65,0.09,1.48,301126
361,2023-06-05,14.02,14.11,14.11,13.88,18368,25783251.0,1.64,0.86,0.12,1.69,301126
362,2023-06-06,14.07,13.71,14.07,13.68,22572,31326017.0,2.76,-2.83,-0.4,2.08,301126
363,2023-06-07,13.67,13.63,13.77,13.59,10321,14134395.0,1.31,-0.58,-0.08,0.95,301126
364,2023-06-08,13.69,13.4,13.72,13.37,16891,22869725.0,2.57,-1.69,-0.23,1.56,301126
365,2023-06-09,13.42,13.5,13.72,13.41,13306,18038175.0,2.31,0.75,0.1,1.23,301126
366,2023-06-12,13.4,13.5,13.6,13.25,13455,18018094.0,2.59,0.0,0.0,1.24,301126
367,2023-06-13,13.52,13.48,13.55,13.42,8993,12125979.0,0.96,-0.15,-0.02,0.83,301126
368,2023-06-14,13.53,14.2,14.26,13.36,65752,92105924.0,6.68,5.34,0.72,6.07,301126
369,2023-06-15,14.14,13.87,14.14,13.8,46911,65140580.0,2.39,-2.32,-0.33,4.33,301126
370,2023-06-16,13.8,13.81,13.98,13.78,30699,42529355.0,1.44,-0.43,-0.06,2.83,301126
371,2023-06-19,13.82,13.62,13.92,13.59,19728,27043446.0,2.39,-1.38,-0.19,1.82,301126
372,2023-06-20,13.58,13.47,13.63,13.47,16000,21632033.0,1.17,-1.1,-0.15,1.48,301126
373,2023-06-21,13.44,13.31,13.56,13.3,17163,22991041.0,1.93,-1.19,-0.16,1.58,301126
374,2023-06-26,13.3,12.93,13.35,12.72,27539,35594195.0,4.73,-2.85,-0.38,2.54,301126
375,2023-06-27,12.93,13.08,13.09,12.86,14169,18407570.0,1.78,1.16,0.15,1.31,301126
376,2023-06-28,13.04,12.96,13.06,12.72,11223,14486037.0,2.6,-0.92,-0.12,1.04,301126
377,2023-06-29,12.8,13.03,13.14,12.73,20263,26355826.0,3.16,0.54,0.07,1.87,301126
378,2023-06-30,13.01,13.4,13.53,12.95,29446,39402599.1,4.45,2.84,0.37,2.72,301126
